1.000000000 0.000000000 0.000000000 0.000000000 0.000000000 1.000000000 0.000000000 0.000000000 0.000000000 0.000000000 1.000000000 0.000000000
0.999990821 0.003281649 0.002743401 -0.026058508 -0.003268742 0.999983668 -0.004686136 -0.001775329 -0.002758747 0.004677124 0.999985158 0.999658704
0.999995410 -0.000976294 0.002871690 -0.014359990 0.000991379 0.999985635 -0.005267293 -0.008070229 -0.002866510 0.005270124 0.999981940 1.999570608
0.999985278 0.001375320 0.005262730 -0.046892121 -0.001368189 0.999998093 -0.001368229 -0.010838961 -0.005264610 0.001361012 0.999985218 2.999037743
0.999984026 -0.003820588 0.004152603 -0.035556238 0.003803397 0.999984205 0.004114183 -0.000750201 -0.004168253 -0.004098323 0.999982893 3.998922348
0.999911308 -0.013309352 -0.000274849 0.035632785 0.013309975 0.999906063 0.003214541 0.011237426 0.000232053 -0.003217910 0.999994814 4.996314049
0.999840498 -0.017798640 -0.001399425 0.037698854 0.017798873 0.999841332 0.000319177 0.015247682 0.001393532 -0.000344026 0.999998987 5.996303082
0.999821305 -0.018732281 -0.002472039 0.046533026 0.018723819 0.999818921 -0.003307419 0.016723694 0.002533567 0.003260585 0.999991477 6.996263027
0.999866784 -0.016274473 -0.001158546 0.009720579 0.016269146 0.999858379 -0.004241386 0.023132995 0.001227423 0.004222013 0.999990344 7.995565414
0.999900997 -0.014008511 -0.001106433 -0.011350396 0.014004943 0.999897301 -0.002931490 0.021891246 0.001147387 0.002915814 0.999995053 8.995342255
0.999874413 -0.015299133 -0.004077418 0.014269896 0.015300131 0.999882519 0.000296429 0.017816596 0.004072411 -0.000358665 0.999991655 9.995006561
0.999806821 -0.018695215 -0.006028129 0.029476546 0.018701781 0.999823987 0.001095598 0.023482502 0.006006561 -0.001208069 0.999981344 10.994876862
0.999789238 -0.019430177 -0.006571709 0.013400324 0.019444272 0.999808073 0.002149562 0.023872146 0.006528768 -0.002276815 0.999976218 11.994748116
0.999856949 -0.015809726 -0.005945580 -0.028576713 0.015818836 0.999873281 0.001555859 0.029609818 0.005920314 -0.001649611 0.999981284 12.993851662
0.999892652 -0.013547709 -0.005508072 -0.046410859 0.013548013 0.999907792 0.000109066 0.026664728 0.005506171 -0.000183599 0.999984920 13.993686676
0.999902964 -0.012433115 -0.006223547 -0.062252373 0.012419026 0.999920011 -0.002210923 0.030633964 0.006250664 0.002133560 0.999978244 14.993552208
0.999882996 -0.012302528 -0.009061079 -0.055626802 0.012261531 0.999914110 -0.004511973 0.041394845 0.009115915 0.004400562 0.999948800 15.993472099
0.999849260 -0.013286137 -0.011144706 -0.068258628 0.013237995 0.999902368 -0.004340431 0.022076830 0.011201390 0.004192460 0.999928474 16.993206024
0.999794304 -0.015237542 -0.013362123 -0.078156188 0.015171432 0.999871731 -0.005004358 0.012908548 0.013436750 0.004800865 0.999898136 17.993112564
0.999784291 -0.014511000 -0.014841896 -0.103167102 0.014433268 0.999881268 -0.005297678 0.009532064 0.014917097 0.005082575 0.999875784 18.992794037
0.999734044 -0.016576497 -0.016022660 -0.125900730 0.016512247 0.999854743 -0.004099913 -0.002533384 0.016088385 0.003834507 0.999863207 19.992464066
0.999734998 -0.015004490 -0.017449379 -0.145607755 0.014961530 0.999884307 -0.002559964 -0.010464985 0.017486028 0.002298535 0.999844551 20.992242813
0.999717057 -0.013250788 -0.019751780 -0.161435217 0.013211803 0.999910116 -0.002071226 -0.014834585 0.019777708 0.001809999 0.999802947 21.992113113
0.999655306 -0.015399487 -0.021262692 -0.184191018 0.015352714 0.999879003 -0.002330006 -0.017961320 0.021296259 0.002003080 0.999771297 22.991846085
0.999647260 -0.014792128 -0.022059038 -0.227033556 0.014747499 0.999888480 -0.002153921 -0.031223839 0.022088701 0.001828166 0.999754429 23.990840912
0.999672711 -0.011069036 -0.023066023 -0.267384320 0.011028851 0.999937117 -0.001833126 -0.034746513 0.023085142 0.001578438 0.999732256 24.990016937
0.999648690 -0.010951638 -0.024133589 -0.294674903 0.010953506 0.999939680 -0.000019801 -0.029989259 0.024132626 -0.000244251 0.999708772 25.989633560
0.999633491 -0.011803004 -0.024359260 -0.333158493 0.011883993 0.999923944 0.003216100 -0.037820064 0.024319628 -0.003503929 0.999698043 26.988857269
0.999570668 -0.012446857 -0.026521564 -0.345872849 0.012594725 0.999905646 0.005443335 -0.044315115 0.026451487 -0.005774554 0.999633312 27.988752365
0.999489844 -0.016073968 -0.027595550 -0.359914124 0.016215080 0.999856174 0.004919171 -0.058498785 0.027512761 -0.005363606 0.999607027 28.988557816
0.999425352 -0.017211551 -0.029198017 -0.389169872 0.017276553 0.999848485 0.001995362 -0.050028998 0.029159490 -0.002498121 0.999571562 29.988090515
0.999456048 -0.015436502 -0.029139925 -0.420833468 0.015470136 0.999879539 0.000952789 -0.060799513 0.029122001 -0.001402576 0.999574780 30.987531662
0.999376118 -0.017425982 -0.030714441 -0.444992483 0.017471367 0.999846160 0.001229150 -0.067337409 0.030688597 -0.001764511 0.999527276 31.987216949
0.999372065 -0.017306760 -0.030909007 -0.506993532 0.017327139 0.999849379 0.000413242 -0.061889138 0.030897494 -0.000948059 0.999521911 32.985275269
0.999182880 -0.022040905 -0.033868372 -0.523726046 0.022058390 0.999756336 0.000161298 -0.076999143 0.033856854 -0.000907757 0.999426007 33.985019684
0.999092519 -0.022517411 -0.036145903 -0.553796947 0.022537621 0.999745607 0.000168366 -0.085032158 0.036133178 -0.000982155 0.999346197 34.984527588
0.999082983 -0.021189736 -0.037197150 -0.618762553 0.021250930 0.999772966 0.001266916 -0.077219486 0.037162121 -0.002055527 0.999306858 35.982391357
0.999017715 -0.021540599 -0.038717911 -0.671883106 0.021716340 0.999755204 0.004140572 -0.088485271 0.038619675 -0.004976697 0.999241352 36.980922699
0.998989284 -0.020161090 -0.040166680 -0.720883191 0.020395298 0.999776781 0.005444206 -0.079651296 0.040048383 -0.006257298 0.999177873 37.979671478
0.998959601 -0.016205885 -0.042618383 -0.766981661 0.016447755 0.999849975 0.005343792 -0.071130484 0.042525966 -0.006038486 0.999076903 38.978580475
0.998947501 -0.014080335 -0.043647908 -0.835724175 0.014299529 0.999886036 0.004726763 -0.077295750 0.043576971 -0.005345209 0.999035597 39.976196289
0.998839796 -0.014083638 -0.046046421 -0.879754782 0.014272253 0.999890447 0.003782701 -0.075630054 0.045988683 -0.004434766 0.998932004 40.975227356
0.998792171 -0.013810568 -0.047148883 -0.940466762 0.014087283 0.999884784 0.005554571 -0.090339109 0.047067389 -0.006211358 0.998872221 41.973270416
0.998671353 -0.014386535 -0.049480349 -0.986447334 0.014759848 0.999864638 0.007200577 -0.079668909 0.049370706 -0.007920622 0.998748899 42.972152710
0.998760521 -0.009840873 -0.048789322 -1.069255590 0.010251645 0.999913454 0.008189069 -0.090750664 0.048705161 -0.008678369 0.998775244 43.968654633
0.998893857 -0.005171910 -0.046734780 -1.172832489 0.005477334 0.999963880 0.006422883 -0.101626277 0.046700519 -0.006671031 0.998886406 44.963214874
0.998969615 -0.002265308 -0.045326270 -1.215295911 0.002390263 0.999992967 0.002715934 -0.087857135 0.045320429 -0.002820707 0.998968244 45.962215424
0.999033153 -0.003091234 -0.043852963 -1.239312053 0.003124318 0.999994457 0.000700217 -0.073075309 0.043851178 -0.000835785 0.999037325 46.961799622
0.999110878 -0.003953387 -0.041972365 -1.256442547 0.004025444 0.999990165 0.001648215 -0.071117163 0.041966058 -0.001814943 0.999117017 47.961654663
0.999267220 0.001663126 -0.038234733 -1.332515955 -0.001470863 0.999985635 0.005078143 -0.088714764 0.038243126 -0.005017319 0.999255538 48.958606720
0.999424338 0.011139849 -0.032040965 -1.430436134 -0.010889036 0.999908209 0.008019580 -0.088620365 0.032127853 -0.007665200 0.999454021 49.953804016
0.999482512 0.014132728 -0.028896416 -1.441404223 -0.013863944 0.999858201 0.009512730 -0.093449533 0.029027246 -0.009106318 0.999536753 50.953723907
0.999560654 0.017631311 -0.023823552 -1.470524430 -0.017415224 0.999804854 0.009285846 -0.066724062 0.023983112 -0.008866002 0.999672651 51.952938080
0.999611974 0.021052836 -0.018235410 -1.480280519 -0.020854916 0.999721348 0.011026450 -0.053608775 0.018462952 -0.010641001 0.999772549 52.952808380
0.999600470 0.025925338 -0.011253370 -1.516640902 -0.025794366 0.999598265 0.011715101 -0.032670736 0.011553053 -0.011419275 0.999867618 53.951915741
0.999587238 0.028370513 -0.004500823 -1.527362347 -0.028323822 0.999545097 0.010323346 -0.001722336 0.004791933 -0.010190649 0.999936223 54.951381683
0.999517143 0.030987626 0.002208255 -1.513967276 -0.031010263 0.999463022 0.010546846 -0.011007011 -0.001880005 -0.010609295 0.999941587 55.951248169
0.999396622 0.033400629 0.009503394 -1.499958515 -0.033506982 0.999375999 0.011142608 -0.037306726 -0.009125055 -0.011453378 0.999892414 56.950805664
0.998980880 0.041296594 0.018202890 -1.513364315 -0.041454256 0.999105513 0.008309261 -0.029395819 -0.017843146 -0.009054530 0.999799371 57.950679779
0.998563170 0.046335433 0.026916243 -1.523195744 -0.046489891 0.998905301 0.005103423 -0.013517261 -0.026649997 -0.006346574 0.999624252 58.950511932
0.998371303 0.045975767 0.033775583 -1.449033499 -0.046158414 0.998922944 0.004617386 0.005115300 -0.033526603 -0.006168041 0.999418437 59.947589874
0.998076856 0.045539342 0.042056002 -1.388305664 -0.045824803 0.998932004 0.005825058 0.022414923 -0.041745562 -0.007740030 0.999097884 60.945587158
0.997865438 0.044296410 0.047984760 -1.254887581 -0.044637613 0.998984516 0.006042413 0.039435595 -0.047668118 -0.008170407 0.998829484 61.936511993
0.997452557 0.045066297 0.055295061 -1.143437386 -0.045501195 0.998942018 0.006613689 0.009454906 -0.054938242 -0.009111793 0.998447955 62.929840088
0.996756613 0.049067006 0.063786149 -1.073126316 -0.049526870 0.998756468 0.005633235 0.049944311 -0.063430160 -0.008773053 0.997947514 63.926544189
0.996185303 0.049183957 0.072081633 -0.961632252 -0.049740173 0.998744130 0.005929973 0.024698585 -0.071699187 -0.009491676 0.997380972 64.919990540
0.995175362 0.051738951 0.083359621 -0.935219288 -0.052473187 0.998599768 0.006629681 0.015057415 -0.082899630 -0.010970808 0.996497393 65.919593811
0.993914187 0.054184560 0.095909432 -0.893623829 -0.054910783 0.998478472 0.004939385 -0.002246052 -0.095495626 -0.010174762 0.995377779 66.918579102
0.992728412 0.053216752 0.107973501 -0.729734421 -0.053592056 0.998562276 0.000568198 -0.016067978 -0.107787751 -0.006349556 0.994153619 67.904968262
0.991673172 0.049963746 0.118692897 -0.468971252 -0.049733590 0.998749912 -0.004908212 0.032375902 -0.118789554 -0.001034658 0.992918849 68.869155884
0.989573419 0.052096412 0.134277537 -0.294466019 -0.051624663 0.998641431 -0.007000307 0.019668788 -0.134459615 -0.000003686 0.990918994 69.853729248
0.986825943 0.055470891 0.151978329 -0.184152603 -0.054763455 0.998459637 -0.008844541 0.053413570 -0.152234659 0.000406193 0.988344252 70.847061157
0.984547257 0.052974682 0.166914970 0.103553772 -0.052000843 0.998594224 -0.010206971 0.052964330 -0.167220891 0.001370553 0.985918581 71.804794312
0.981434882 0.052990030 0.184331149 0.409842491 -0.051651206 0.998591721 -0.012064347 0.080390692 -0.184710726 0.002320446 0.982790232 72.756332397
0.976994753 0.057773128 0.205290109 0.526269913 -0.056485686 0.998328984 -0.012134165 0.024334967 -0.205648020 0.000260030 0.978626072 73.747955322
0.971696258 0.062160965 0.227910057 0.655250549 -0.060599592 0.998065352 -0.013851808 -0.001263618 -0.228330135 -0.000350539 0.973583758 74.739257812
0.966624081 0.063737802 0.248145327 1.031623840 -0.061590157 0.997965813 -0.016418908 -0.002140403 -0.248686969 0.000588566 0.968583882 75.665740967
0.959203362 0.068879753 0.274199605 1.169427872 -0.066177756 0.997624159 -0.019105699 -0.027611136 -0.274864107 0.000181295 0.961483240 76.655868530
0.952088594 0.068850778 0.297973126 1.583387375 -0.065924488 0.997626007 -0.019874077 -0.093414307 -0.298634052 -0.000720890 0.954367518 77.563774109
0.943712413 0.070391439 0.323192000 1.969690323 -0.067163967 0.997517169 -0.021144658 -0.091309190 -0.323877960 -0.001751420 0.946097434 78.486160278
0.934009731 0.072420172 0.349832058 2.375774384 -0.068982750 0.997367859 -0.022295175 -0.109442115 -0.350525916 -0.003307521 0.936547518 79.399826050
0.923059046 0.072281033 0.377807856 2.816549301 -0.068349004 0.997376025 -0.023826456 -0.124668121 -0.378538787 -0.003828599 0.925577819 80.297302246
0.909913242 0.072285675 0.408453226 3.303129196 -0.067789808 0.997372925 -0.025494928 -0.147784710 -0.409223229 -0.004489857 0.912423611 81.170639038
0.896102786 0.066643484 0.438816428 3.954526901 -0.059491809 0.997775435 -0.030046735 -0.146384239 -0.439842850 0.000819893 0.898074746 81.929367065
0.878027380 0.069068640 0.473602146 4.474422455 -0.060169682 0.997609973 -0.033938684 -0.185249805 -0.474814475 0.001303486 0.880085409 82.782730103
0.859104037 0.069862962 0.507011890 5.118274689 -0.058275547 0.997548580 -0.038712025 -0.240791321 -0.508473694 0.003712156 0.861070037 83.545883179
0.838544965 0.069152825 0.540427387 5.810310364 -0.054355402 0.997580707 -0.043311391 -0.289228916 -0.542115331 0.006944366 0.840275943 84.266105652
0.812804282 0.075368896 0.577641845 6.358081818 -0.059008323 0.997145653 -0.047074422 -0.295511723 -0.579541385 0.004177677 0.814932585 85.102714539
0.786190331 0.077928632 0.613052368 7.068256378 -0.060272615 0.996955752 -0.049434945 -0.375388145 -0.615038931 0.001916005 0.788494885 85.802200317
0.757184744 0.082229383 0.648005426 7.799629211 -0.063641347 0.996610463 -0.052102916 -0.418791056 -0.650093853 -0.001787416 0.759852290 86.482803345
0.722256601 0.086892702 0.686146080 8.470771790 -0.067335337 0.996196628 -0.055278841 -0.428166151 -0.688340187 -0.006275402 0.725361347 87.224067688
0.687188506 0.083801925 0.721630394 9.295875549 -0.062507764 0.996459782 -0.056193843 -0.483700752 -0.723785579 -0.006490766 0.689994931 87.786308289
0.648112178 0.082731634 0.757038593 10.094902039 -0.060074322 0.996536434 -0.057474945 -0.540385246 -0.759172320 -0.008227386 0.650838315 88.384941101
0.605129540 0.083118692 0.791777253 10.921775818 -0.058155145 0.996491492 -0.060163699 -0.544478655 -0.794000864 -0.009638137 0.607841074 88.947341919
0.558197260 0.083564632 0.825490475 11.773227692 -0.056072831 0.996438444 -0.062953964 -0.615333796 -0.827812135 -0.011145923 0.560895681 89.466964722
0.509254098 0.082839027 0.856621146 12.641864777 -0.054491997 0.996461570 -0.063967898 -0.711135864 -0.858890116 -0.014102140 0.511966944 89.953102112
0.458976060 0.081852823 0.884671092 13.532268524 -0.053525906 0.996484101 -0.064429089 -0.747276068 -0.886835515 -0.017780486 0.461744338 90.406829834
0.409611017 0.080582999 0.908695281 14.471202850 -0.052910116 0.996510983 -0.064520992 -0.775943518 -0.910725296 -0.021649750 0.412446260 90.749771118
0.357609212 0.080379352 0.930406749 15.389142990 -0.055943705 0.996341884 -0.064573869 -0.818022490 -0.932194829 -0.028957313 0.360798419 91.144248962
0.309043139 0.080595046 0.947628021 16.352922440 -0.051755454 0.996349692 -0.067860879 -0.852878332 -0.949639380 -0.028072005 0.312086910 91.408691406
0.261571646 0.078192294 0.962012589 17.332098007 -0.040393747 0.996724784 -0.070031360 -0.900848866 -0.964339077 -0.020540036 0.263873994 91.605941772
0.219617754 0.072709173 0.972873747 18.327526093 -0.026262799 0.997296214 -0.068606548 -0.959194064 -0.975233018 -0.010482112 0.220934078 91.681625366
0.178499609 0.071650371 0.981328666 19.318065643 -0.015100900 0.997425318 -0.070079580 -1.026599407 -0.983824670 -0.002308608 0.179122493 91.801116943
0.140342355 0.073351070 0.987383246 20.312225342 -0.008498579 0.997302592 -0.072880737 -1.060916662 -0.990067065 0.001837964 0.140587628 91.903518677
0.108807936 0.074725978 0.991251171 21.310199738 0.004029230 0.997127295 -0.075611956 -1.104701996 -0.994055033 0.012222233 0.108194679 91.949676514
0.080327213 0.073059477 0.994088471 22.307386398 0.012840778 0.997149646 -0.074322775 -1.174159884 -0.996686220 0.018736074 0.079160482 91.977996826
0.055921610 0.071429074 0.995877802 23.304260254 0.020253304 0.997149289 -0.072658263 -1.247829437 -0.998230100 0.024234043 0.054315865 92.006477356
0.035093881 0.069937676 0.996934891 24.301427841 0.022911588 0.997227848 -0.070765480 -1.317486882 -0.999121785 0.025325907 0.033394538 92.035049438
0.018876493 0.071520917 0.997261465 25.299364090 0.024611752 0.997100651 -0.071975954 -1.381624699 -0.999519289 0.025904102 0.017061813 92.032104492
0.004205402 0.071083851 0.997462511 26.295927048 0.023259351 0.997191489 -0.071163312 -1.463166595 -0.999721110 0.023500707 0.002540506 92.046936035
-0.008104689 0.071742207 0.997391224 27.293212891 0.023275618 0.997164249 -0.071537547 -1.536302686 -0.999696612 0.022636248 -0.009751240 92.055679321
-0.018729001 0.074351899 0.997057259 28.289529800 0.024771675 0.996957481 -0.073879942 -1.611236095 -0.999518096 0.023316208 -0.020513540 92.097557068
-0.024392456 0.076273613 0.996789515 29.284809113 0.030548407 0.996674538 -0.075518042 -1.680628061 -0.999236107 0.028609447 -0.026641073 92.029701233
-0.029704548 0.075182833 0.996728301 30.282142639 0.029468229 0.996797740 -0.074310683 -1.751231194 -0.999124706 0.027165670 -0.031824626 92.011138916
-0.034089450 0.073691204 0.996699512 31.281303406 0.026813786 0.996984422 -0.072796009 -1.790292501 -0.999059498 0.024244977 -0.035962287 92.024291992
-0.037247535 0.067290664 0.997039080 32.280014038 0.025816724 0.997460186 -0.066355437 -1.838612914 -0.998973072 0.023269983 -0.038889848 92.008636475
-0.036295265 0.062064953 0.997413039 33.273975372 0.031809215 0.997633755 -0.060921978 -1.901728272 -0.998835266 0.029516980 -0.038183283 91.918930054
-0.037482206 0.058918562 0.997559965 34.271526337 0.033295911 0.997777939 -0.057681106 -1.965710640 -0.998742998 0.031053938 -0.039360348 91.890579224
-0.041337937 0.061138298 0.997274101 35.268146515 0.028375544 0.997793615 -0.059994698 -2.041114092 -0.998742759 0.025819426 -0.042981226 91.923416138
-0.042354666 0.067907073 0.996793270 36.265586853 0.022377308 0.997499883 -0.067005120 -2.112523794 -0.998852611 0.019468840 -0.043768026 91.924613953
-0.041675795 0.075637199 0.996265113 37.263515472 0.022098709 0.996954441 -0.074765794 -2.176830769 -0.998887479 0.018901521 -0.043219853 91.918891907
-0.041241065 0.075711913 0.996277511 38.260929108 0.016947545 0.997032642 -0.075068444 -2.248200417 -0.999006212 0.013789775 -0.042401318 91.927200317
-0.039927073 0.071151674 0.996667087 39.258125305 0.016045675 0.997376680 -0.070560195 -2.319647312 -0.999074399 0.013176163 -0.040963508 91.905059814
-0.038288467 0.065350823 0.997128546 40.256286621 0.013680629 0.997798085 -0.064870171 -2.379770756 -0.999173701 0.011158872 -0.039097756 91.898269653
-0.036218241 0.064220592 0.997279227 41.254943848 0.012593374 0.997881174 -0.063802779 -2.430666447 -0.999265134 0.010249615 -0.036949810 91.889198303
-0.034528270 0.070283771 0.996930301 42.253479004 0.016578261 0.997425199 -0.069745250 -2.484745979 -0.999266863 0.014120519 -0.035604108 91.892593384
-0.033583809 0.075265296 0.996598899 43.250446320 0.013154334 0.997105300 -0.074861035 -2.560789108 -0.999349952 0.010596827 -0.034476224 91.909309387
-0.030297168 0.075914785 0.996654928 44.248428345 0.008259008 0.997094691 -0.075697981 -2.616776228 -0.999507487 0.005939310 -0.030835681 91.879257202
-0.029622991 0.072761506 0.996910274 45.246070862 -0.002316333 0.997337580 -0.072862253 -2.675411940 -0.999559104 -0.004466228 -0.029375127 91.914756775
-0.023786282 0.068400025 0.997375190 46.240200043 0.003597497 0.997654319 -0.068334073 -2.779214859 -0.999711215 0.001964025 -0.023976078 91.884452820
-0.021564147 0.069780841 0.997330070 47.237483978 0.002306983 0.997560441 -0.069747709 -2.852431297 -0.999765456 0.000798222 -0.021671977 91.893280029
-0.019812303 0.073225997 0.997119486 48.232929230 0.000790849 0.997313678 -0.073225178 -2.947198868 -0.999804080 -0.000660741 -0.019816445 91.904838562
-0.015274752 0.073884837 0.997150660 49.230525970 -0.000599606 0.997263849 -0.073903054 -3.013707399 -0.999883890 -0.001725394 -0.015188120 91.885643005
-0.013028821 0.072791450 0.997262895 50.226360321 -0.005982979 0.997321725 -0.072874554 -3.098619938 -0.999897957 -0.006914704 -0.012557877 91.918762207
-0.011077331 0.070174791 0.997474074 51.224178314 -0.005054176 0.997516274 -0.070234515 -3.162189245 -0.999926567 -0.005818049 -0.010694575 91.936973572
-0.005313626 0.071122155 0.997454286 52.220451355 0.004573638 0.997457325 -0.071098633 -3.228019953 -0.999976099 0.004185490 -0.005624821 91.881256104
-0.003434948 0.071259774 0.997452736 53.215972900 0.006027100 0.997439563 -0.071238711 -3.317818403 -0.999976575 0.005768235 -0.003855058 91.910820007
-0.000513828 0.072106346 0.997397661 54.214775085 0.007874491 0.997364640 -0.072100535 -3.363999844 -0.999969423 0.007818092 -0.001079703 91.926841736
0.001054008 0.070972174 0.997478664 55.211898804 0.004497977 0.997466147 -0.070976689 -3.433558226 -0.999989927 0.004562543 0.000732685 91.957260132
0.005971463 0.069725081 0.997549176 56.207893372 0.010817639 0.997501433 -0.069787152 -3.513882399 -0.999924123 0.011208813 0.005202873 91.918289185
0.004028386 0.070630513 0.997495174 57.199542999 -0.000180826 0.997500718 -0.070630834 -3.589244127 -0.999992371 0.000105117 0.004031661 92.022903442
0.004710459 0.072564580 0.997353375 58.196243286 -0.005954128 0.997346222 -0.072536595 -3.647892714 -0.999971747 -0.005595699 0.005130582 92.079147339
0.004852801 0.072927415 0.997326255 59.191368103 -0.012053311 0.997267246 -0.072865114 -3.718234062 -0.999916136 -0.011666436 0.005719115 92.148368835
0.006842439 0.071175694 0.997441053 60.184516907 -0.019012893 0.997290909 -0.071035191 -3.822641373 -0.999796391 -0.018477092 0.008177719 92.200691223
0.008299595 0.071820728 0.997383773 61.182071686 -0.025267011 0.997112215 -0.071591564 -3.888131857 -0.999646842 -0.024605652 0.010090896 92.225288391
0.012273310 0.072097018 0.997322857 62.180305481 -0.024542943 0.997116625 -0.071780734 -3.946691036 -0.999624074 -0.023595190 0.014007974 92.214736938
0.017024441 0.076097101 0.996955872 63.179656982 -0.022512220 0.996874154 -0.075707108 -3.981779575 -0.999602318 -0.021153757 0.018684920 92.223915100
0.018559420 0.079111107 0.996693850 64.172988892 -0.027620209 0.996523023 -0.078583919 -4.058525085 -0.999446869 -0.026069209 0.020680543 92.310035706
0.021973740 0.080333747 0.996526539 65.168418884 -0.026368134 0.996464491 -0.079747915 -4.146389008 -0.999411345 -0.024523027 0.024014981 92.347213745
0.024660902 0.082980990 0.996246755 66.164627075 -0.031971391 0.996103108 -0.082178198 -4.208250046 -0.999185085 -0.029823596 0.027218489 92.408523560
0.026241543 0.081387244 0.996337831 67.158615112 -0.038318809 0.996028066 -0.080353282 -4.294203758 -0.998921394 -0.036068648 0.029256659 92.476417542
0.028363621 0.082060955 0.996224463 68.153114319 -0.040015858 0.995917261 -0.080896951 -4.371891022 -0.998796761 -0.037569009 0.031532243 92.546844482
0.032612726 0.083838560 0.995946407 69.150131226 -0.037622616 0.995870650 -0.082600757 -4.437105179 -0.998760104 -0.034775108 0.035632916 92.587974548
0.034347977 0.085188441 0.995773435 70.143661499 -0.045493491 0.995459199 -0.083592892 -4.509631157 -0.998374462 -0.042428706 0.038068149 92.675376892
0.039040402 0.084195532 0.995684981 71.141128540 -0.044558026 0.995597541 -0.082441598 -4.566266060 -0.998244107 -0.041146040 0.042620737 92.718299866
0.041937716 0.084297910 0.995558441 72.135597229 -0.047612805 0.995469034 -0.082285225 -4.645924568 -0.997985482 -0.043949332 0.045761988 92.786743164
0.047430504 0.086743027 0.995101750 73.129989624 -0.049065497 0.995220125 -0.084415250 -4.732932091 -0.997669101 -0.044820234 0.051460519 92.846977234
0.051482279 0.095922120 0.994057298 74.122512817 -0.052988436 0.994235218 -0.093195550 -4.799853802 -0.997267485 -0.047874428 0.056268871 92.948905945
0.057532631 0.101215459 0.993200243 75.115592957 -0.057203609 0.993545651 -0.097937576 -4.876869678 -0.996703744 -0.051178794 0.062951788 93.037506104
0.066305667 0.103630781 0.992403924 76.109649658 -0.058165658 0.993300498 -0.099838577 -4.970882893 -0.996102750 -0.051102716 0.071889944 93.092590332
0.071102150 0.102869101 0.992151082 77.099227905 -0.066813193 0.992923617 -0.098161459 -5.049220085 -0.995229006 -0.059307940 0.077472761 93.213478088
0.077019565 0.102268592 0.991771400 78.089073181 -0.069796816 0.992836535 -0.096958525 -5.124153137 -0.994583726 -0.061753370 0.083606616 93.334342957
0.084001467 0.098890804 0.991547048 79.080078125 -0.071132943 0.993118405 -0.093021698 -5.204473972 -0.993923545 -0.062716305 0.090458550 93.441253662
0.090496466 0.093452886 0.991503060 80.070755005 -0.073779076 0.993479311 -0.086905666 -5.288033485 -0.993160129 -0.065286167 0.096801780 93.548820496
0.098739341 0.085313134 0.991450250 81.063430786 -0.073529527 0.994218647 -0.078228951 -5.372536659 -0.992392957 -0.065175265 0.104442090 93.634986877
0.105377868 0.082964912 0.990966141 82.052062988 -0.073711157 0.994422495 -0.075416431 -5.440666199 -0.991696537 -0.065096676 0.110906132 93.769195557
0.111653864 0.085269146 0.990082920 83.039886475 -0.074686535 0.994212568 -0.077202775 -5.507452965 -0.990936577 -0.065324590 0.117376611 93.909683228
0.117657922 0.092262119 0.988759696 84.029304504 -0.073487051 0.993752182 -0.083983921 -5.583006859 -0.990331292 -0.062778376 0.123703294 94.033416748
0.123262770 0.097224317 0.987600625 85.020645142 -0.075072736 0.993249536 -0.088411130 -5.632885933 -0.989530385 -0.063242808 0.129729971 94.154777527
0.126225725 0.101507127 0.986795127 85.999542236 -0.078912750 0.992624462 -0.092013247 -5.697675705 -0.988857865 -0.066254891 0.133305341 94.348571777
0.130735800 0.101351321 0.986223757 86.981468201 -0.083437078 0.992354989 -0.090921447 -5.781877041 -0.987900019 -0.070399404 0.138193175 94.518089294
0.137147367 0.098168172 0.985674858 87.970840454 -0.077098705 0.993114650 -0.088182099 -5.870681763 -0.987545609 -0.063898832 0.143771961 94.633071899
0.141434565 0.092283309 0.985637605 88.955734253 -0.077917263 0.993592858 -0.081847869 -5.944120407 -0.986876428 -0.065220498 0.147719145 94.790016174
0.143824205 0.085549712 0.985899210 89.937011719 -0.080249913 0.993981957 -0.074544594 -6.028286934 -0.986344039 -0.068395473 0.149824321 94.963256836
0.144986331 0.082428947 0.985994935 90.914024353 -0.084141500 0.993939579 -0.070720956 -6.091780663 -0.985849559 -0.072707936 0.151043668 95.166839600
0.148809671 0.081883274 0.985470653 91.898414612 -0.085249275 0.993916512 -0.069712579 -6.174866676 -0.985184431 -0.073635146 0.154885188 95.322021484
0.150155604 0.083536737 0.985127747 92.880043030 -0.088328816 0.993571460 -0.070789941 -6.247813702 -0.984708846 -0.076383978 0.156569347 95.498435974
0.150467724 0.087283015 0.984755218 93.859733582 -0.092841275 0.992939115 -0.073822983 -6.321238518 -0.984246075 -0.080316342 0.157509074 95.684974670
0.152690381 0.090417370 0.984130025 94.841079712 -0.092187531 0.992765844 -0.076908164 -6.412809372 -0.983965278 -0.078979529 0.159921467 95.853904724
0.155979082 0.095914513 0.983093321 95.826103210 -0.091673486 0.992383003 -0.082276292 -6.487421036 -0.983497381 -0.077288434 0.163584113 96.009414673
0.157686964 0.098277315 0.982587278 96.809036255 -0.090628147 0.992274940 -0.084702618 -6.554818153 -0.983321786 -0.075691745 0.165375814 96.180458069
0.160201117 0.097983390 0.982209861 97.793266296 -0.091997616 0.992210627 -0.083976366 -6.633165359 -0.982788086 -0.076906025 0.167967856 96.339096069
0.162832871 0.095058762 0.982064486 98.779266357 -0.089659952 0.992654085 -0.081217967 -6.701623440 -0.982571602 -0.074824996 0.170160070 96.491142273
0.163691536 0.092418969 0.982173741 99.762435913 -0.085878395 0.993156195 -0.079140067 -6.771667957 -0.982766688 -0.071391024 0.170508429 96.659927368
0.161671385 0.092199609 0.982528925 100.740608215 -0.089254588 0.992910266 -0.078487538 -6.848577499 -0.982800245 -0.075004026 0.168754905 96.853050232
0.162405089 0.091922976 0.982433796 101.730499268 -0.086058326 0.993175447 -0.078702055 -6.922678471 -0.982964277 -0.071763098 0.169207960 96.973907471
0.161156684 0.093912177 0.982451200 102.718070984 -0.086429656 0.992979527 -0.080741286 -6.974284172 -0.983137250 -0.071899012 0.168142527 97.122283936
0.157732382 0.097291179 0.982678175 103.693710327 -0.091162860 0.992318392 -0.083612934 -7.062207222 -0.983265162 -0.076393351 0.165390611 97.323455811
0.153726548 0.101163328 0.982922018 104.672729492 -0.089353696 0.992091715 -0.088132538 -7.148333549 -0.984065354 -0.074277490 0.161550701 97.508193970
0.151352197 0.101558730 0.983249664 105.653167725 -0.086466216 0.992254078 -0.089179136 -7.222019672 -0.984691143 -0.071518511 0.158961758 97.690757751
0.147201777 0.100677155 0.983970165 106.628189087 -0.088962428 0.992120743 -0.088202469 -7.309039116 -0.985097885 -0.074550882 0.154998928 97.895118713
0.144779712 0.097358979 0.984663188 107.612243652 -0.088578098 0.992425859 -0.085102558 -7.401271343 -0.985491335 -0.074896544 0.152307555 98.047241211
0.142251819 0.093512461 0.985404193 108.595489502 -0.087567419 0.992811799 -0.081574380 -7.492445946 -0.985949695 -0.074683301 0.149418473 98.205062866
0.138442263 0.092860356 0.986008286 109.575149536 -0.085771784 0.992976725 -0.081473812 -7.575391293 -0.986649632 -0.073290266 0.145435289 98.387786865
0.137321204 0.094237268 0.986034453 110.564437866 -0.080277927 0.993246973 -0.083746776 -7.660250664 -0.987268448 -0.067654416 0.143959641 98.506706238
0.138049424 0.096112952 0.985751629 111.558380127 -0.072038062 0.993617356 -0.086791493 -7.738205910 -0.987802327 -0.059027944 0.144092694 98.584068298
0.136486799 0.097728871 0.985810339 112.547943115 -0.068856202 0.993650019 -0.088972993 -7.822695255 -0.988246262 -0.055733297 0.142349929 98.700813293
0.138013154 0.099048659 0.985466182 113.537826538 -0.065260045 0.993732870 -0.090740159 -7.942128658 -0.988278389 -0.051785905 0.143612698 98.777809143
0.136222452 0.097295016 0.985889971 114.521057129 -0.064397514 0.993929327 -0.089190692 -8.046475410 -0.988583207 -0.051336728 0.141661674 98.927429199
0.137261525 0.096142113 0.985858858 115.508468628 -0.059443809 0.994282842 -0.088687472 -8.129430771 -0.988749623 -0.046427421 0.142192468 99.061882019
0.138642401 0.094748534 0.985800505 116.492744446 -0.054730408 0.994623423 -0.087899491 -8.208267212 -0.988829136 -0.041764282 0.143083245 99.219940186
0.137810603 0.094386838 0.985951841 117.463912964 -0.054933574 0.994643748 -0.087540857 -8.283496857 -0.988934159 -0.042095400 0.142258093 99.446090698
0.142466769 0.094015539 0.985325277 118.452743530 -0.055804286 0.994656861 -0.086837493 -8.368446350 -0.988225341 -0.042611513 0.146952659 99.568489075
0.146915585 0.095467575 0.984532058 119.432510376 -0.057149466 0.994486690 -0.087905020 -8.430477142 -0.987496912 -0.043348525 0.151562154 99.758674622
0.153702199 0.093911693 0.983645380 120.412887573 -0.053503361 0.994802535 -0.086616859 -8.496581078 -0.986667871 -0.039312717 0.157928586 99.944664001
0.160925046 0.094648637 0.982418776 121.393859863 -0.057323277 0.994605482 -0.086433135 -8.574913025 -0.985300839 -0.042403758 0.165483236 100.122306824
0.167589486 0.092486925 0.981509984 122.366401672 -0.056893039 0.994836211 -0.084028594 -8.658619881 -0.984214187 -0.041756365 0.171986684 100.339431763
0.176162288 0.092401735 0.980015635 123.342285156 -0.062026024 0.994646311 -0.082631990 -8.748894691 -0.982405484 -0.046227455 0.180951223 100.538200378
0.186180085 0.092678279 0.978135884 124.321289062 -0.063478410 0.994594276 -0.082155399 -8.808792114 -0.980463386 -0.046792291 0.191057473 100.733245850
0.197200462 0.096038565 0.975648820 125.297729492 -0.066605084 0.994201541 -0.084402710 -8.881924629 -0.978098631 -0.048336465 0.202454388 100.936241150
0.205595806 0.099746525 0.973541558 126.265647888 -0.072888747 0.993588269 -0.086407855 -8.937055588 -0.975919366 -0.053192645 0.211548746 101.181457520
0.216114372 0.101955868 0.971031368 127.231521606 -0.076234162 0.993257046 -0.087323025 -9.009218216 -0.973387957 -0.055151518 0.222430453 101.430335999
0.225932345 0.103504099 0.968629837 128.199951172 -0.076952845 0.993126512 -0.088172838 -9.080100060 -0.971099436 -0.054615267 0.232345164 101.669334412
0.236768708 0.103796005 0.966006875 129.166717529 -0.080350235 0.992960870 -0.086998634 -9.155614853 -0.968238413 -0.057017859 0.243442968 101.913574219
0.247708559 0.103625678 0.963278055 130.130996704 -0.080408536 0.993030250 -0.086149447 -9.235977173 -0.965492725 -0.056113381 0.254315376 102.166137695
0.256354541 0.105735734 0.960783422 131.078338623 -0.087020338 0.992485285 -0.086006247 -9.288948059 -0.962658405 -0.061557222 0.263630122 102.481918335
0.266605228 0.101565823 0.958440840 132.034317017 -0.087391250 0.992881536 -0.080906525 -9.353078842 -0.959836304 -0.062186934 0.273584276 102.768402100
0.276813924 0.095287599 0.956188917 132.985549927 -0.084702924 0.993615866 -0.074496359 -9.412201881 -0.957183838 -0.060368102 0.283118755 103.071182251
0.288070917 0.090800047 0.953296125 133.939346313 -0.081155807 0.994226396 -0.070174895 -9.481637001 -0.954164743 -0.057147879 0.293777555 103.363624573
0.297611862 0.088173233 0.950608015 134.881515503 -0.083554551 0.994309068 -0.066068120 -9.540837288 -0.951024294 -0.059762701 0.303286374 103.693481445
0.305586576 0.087641895 0.948123753 135.818969727 -0.079593912 0.994619489 -0.066286452 -9.574324608 -0.948832333 -0.055206355 0.310919076 104.039909363
0.312710643 0.084823273 0.946054935 136.762939453 -0.077681527 0.994950473 -0.063530542 -9.608314514 -0.946667075 -0.053622052 0.317721814 104.368270874
0.319613844 0.077110492 0.944406569 137.710449219 -0.070308022 0.995864213 -0.057518039 -9.657892227 -0.944936335 -0.048013613 0.323714465 104.684082031
0.325747907 0.074382909 0.942527592 138.644134521 -0.069182195 0.996101618 -0.054700915 -9.707992554 -0.942922592 -0.047385175 0.329625219 105.038742065
0.334330857 0.074308485 0.939523280 139.581176758 -0.063392125 0.996400654 -0.056249004 -9.733496666 -0.940321863 -0.040750273 0.337839276 105.387062073
0.340736955 0.081288986 0.936639249 140.513763428 -0.062793635 0.995996475 -0.063597009 -9.778427124 -0.938059866 -0.037142679 0.344478548 105.745162964
0.348926842 0.086418137 0.933158398 141.457946777 -0.057910595 0.995822906 -0.070567481 -9.820839882 -0.935359657 -0.029414408 0.352475107 106.071838379
0.353525728 0.089733042 0.931112289 142.379287720 -0.063019618 0.995409906 -0.072002061 -9.881811142 -0.933300197 -0.033221193 0.357559353 106.455810547
0.357771307 0.090552561 0.929409862 143.299713135 -0.069373131 0.995112538 -0.070249110 -9.945887566 -0.931229532 -0.039340317 0.362306058 106.841499329
0.359998137 0.094733275 0.928132355 144.203277588 -0.077227741 0.994441390 -0.071546674 -10.009160042 -0.929752052 -0.045918249 0.365314454 107.265243530
0.364917338 0.095761955 0.926103473 145.130325317 -0.076258041 0.994426787 -0.072778404 -10.102190018 -0.927912474 -0.044062067 0.370187640 107.628448486
0.366982311 0.100007504 0.924837887 146.032821655 -0.081664421 0.993827641 -0.075062610 -10.192979813 -0.926637292 -0.047977082 0.372885525 108.049453735
0.371783525 0.101426266 0.922763348 146.962417603 -0.080792852 0.993775487 -0.076679893 -10.262413025 -0.924798012 -0.046041731 0.377665102 108.411331177
0.375628889 0.099862292 0.921375632 147.875869751 -0.083203956 0.993795276 -0.073790543 -10.328886032 -0.923028529 -0.048941590 0.381608427 108.812828064
0.379662842 0.097736150 0.919949174 148.798141479 -0.085089609 0.993876398 -0.070473589 -10.416323662 -0.921204388 -0.051519267 0.385655433 109.189376831
0.383201212 0.095782571 0.918686688 149.711914062 -0.086529285 0.993955970 -0.067537062 -10.485092163 -0.919603825 -0.053610295 0.389174312 109.589775085
0.386370361 0.095506452 0.917387068 150.621002197 -0.090739004 0.993734062 -0.065238521 -10.564496040 -0.917870402 -0.058033854 0.392616779 109.998703003
0.387379289 0.099871732 0.916496336 151.512603760 -0.098469898 0.992909014 -0.066577598 -10.628075600 -0.916647613 -0.064453907 0.394467920 110.447006226
0.389979869 0.100113153 0.915366411 152.425659180 -0.097821578 0.992949903 -0.066922501 -10.682647705 -0.915613711 -0.063441493 0.397024840 110.851173401
0.391652197 0.097603232 0.914923489 153.335723877 -0.093519792 0.993429661 -0.065944828 -10.728530884 -0.915349424 -0.059733260 0.398207873 111.263206482
0.395455122 0.096249804 0.913429737 154.263320923 -0.090095825 0.993761659 -0.065708682 -10.783014297 -0.914056838 -0.056308612 0.401660949 111.632690430
0.397425652 0.095325276 0.912671208 155.167251587 -0.090669744 0.993800521 -0.064316437 -10.858263016 -0.913144946 -0.057188001 0.403606027 112.053726196
0.400568366 0.093723252 0.911462426 156.089370728 -0.086322635 0.994189024 -0.064292699 -10.923480988 -0.912192464 -0.052923705 0.406332225 112.435104370
0.404202640 0.094074942 0.909820318 157.004104614 -0.083617747 0.994330585 -0.065664664 -10.994958878 -0.910840273 -0.049532842 0.409778357 112.832763672
0.407040864 0.093030773 0.908661604 157.910949707 -0.079860613 0.994613290 -0.066056602 -11.077996254 -0.909912944 -0.045676090 0.412278801 113.245956421
0.411108226 0.091397852 0.906994700 158.834213257 -0.075908877 0.994936228 -0.065852925 -11.141703606 -0.908421338 -0.041773800 0.415965408 113.624832153
0.413375527 0.090927735 0.906010866 159.725067139 -0.075548485 0.994994462 -0.065388471 -11.202558517 -0.907422006 -0.041415293 0.418176711 114.074951172
0.417437315 0.089303367 0.904308558 160.640396118 -0.072381854 0.995263517 -0.064873271 -11.272275925 -0.905819297 -0.038372584 0.421925008 114.471611023
0.423107892 0.086664230 0.901926875 161.565933228 -0.065293796 0.995742142 -0.065048374 -11.342564583 -0.903724611 -0.031365331 0.426965982 114.843727112
0.429195017 0.085432149 0.899164081 162.488357544 -0.061660875 0.995963991 -0.065196976 -11.384219170 -0.901105523 -0.027458616 0.432731539 115.227600098
0.431532323 0.085033603 0.898082435 163.366790771 -0.060154658 0.996042430 -0.065404192 -11.438804626 -0.900090396 -0.025797434 0.434940636 115.702316284
0.435558259 0.086338878 0.896012008 164.253936768 -0.060708653 0.995939195 -0.066456743 -11.510027885 -0.898111939 -0.025447572 0.439031929 116.158218384
0.441746503 0.085262962 0.893080771 165.162979126 -0.053562783 0.996202767 -0.068614051 -11.555889130 -0.895540416 -0.017523704 0.444636911 116.572410583
0.445487142 0.090603955 0.890693605 166.035461426 -0.059250671 0.995667040 -0.071647301 -11.621829987 -0.893326402 -0.020854108 0.448926091 117.056549072
0.454021752 0.094632648 0.885952652 166.955459595 -0.056959566 0.995390892 -0.077132173 -11.678615570 -0.889168859 -0.015441634 0.457320273 117.444488525
0.461250961 0.101052098 0.881498218 167.843460083 -0.061329283 0.994746685 -0.081943318 -11.747600555 -0.885148287 -0.016263058 0.465026230 117.899116516
0.465357333 0.108755760 0.878417850 168.676223755 -0.069815084 0.993839264 -0.086059980 -11.824890137 -0.882366002 -0.021276020 0.470084101 118.447341919
0.471912563 0.113001287 0.874375463 169.547744751 -0.073399089 0.993343353 -0.088761598 -11.908514023 -0.878585458 -0.022288486 0.477066278 118.930511475
0.478610873 0.112811379 0.870751619 170.422637939 -0.076970838 0.993283093 -0.086378723 -11.978814125 -0.874647558 -0.025678508 0.484080166 119.409645081
0.482361227 0.113057286 0.868647754 171.258956909 -0.085744940 0.992966533 -0.081623346 -12.051766396 -0.871766508 -0.035108037 0.488663495 119.953048706
0.487362236 0.111437999 0.866061687 172.102478027 -0.093067199 0.992801368 -0.075373605 -12.111897469 -0.868226945 -0.043865554 0.494225949 120.486816406
0.493437976 0.108547047 0.862983108 172.954589844 -0.097995162 0.992801368 -0.068843752 -12.181985855 -0.864243746 -0.050595883 0.500523984 121.005538940
0.499869376 0.105225570 0.859686911 173.812683105 -0.098574273 0.993052959 -0.064233027 -12.254901886 -0.860473871 -0.052632723 0.506770253 121.513816833
0.505736589 0.110316969 0.855607450 174.657821655 -0.105444171 0.992256999 -0.065609299 -12.305687904 -0.856220603 -0.057035610 0.513453841 122.045951843
