1.000000000 0.000000000 0.000000000 0.000000000 0.000000000 1.000000000 0.000000000 0.000000000 0.000000000 0.000000000 1.000000000 0.000000000
0.999990165 -0.004058288 -0.001807088 -0.030712117 0.004054034 0.999988973 -0.002365111 -0.007044455 0.001816589 0.002357563 0.999995589 0.999503434
0.999982119 -0.002346023 -0.005489032 -0.049001403 0.002323815 0.999989092 -0.004060030 -0.008324203 0.005498351 0.004047018 0.999976695 1.999335408
0.999947011 -0.001523127 -0.010167287 -0.048873767 0.001473122 0.999986768 -0.004930011 -0.028136950 0.010174382 0.004914607 0.999936163 2.999139071
0.999891698 -0.000157709 -0.014710747 -0.079671793 0.000077128 0.999984980 -0.005481744 -0.034955453 0.014711114 0.005479850 0.999876738 3.998641253
0.999827921 0.000414048 -0.018545037 -0.112706825 -0.000525757 0.999981761 -0.006026608 -0.039264932 0.018541930 0.006035157 0.999809682 4.998085022
0.999687374 -0.000411552 -0.024996664 -0.100945994 0.000242590 0.999977112 -0.006765900 -0.064466521 0.024998602 0.006757556 0.999664485 5.997698307
0.999439895 -0.000588786 -0.033459552 -0.060617417 0.000376289 0.999979734 -0.006361488 -0.101275459 0.033462323 0.006345166 0.999419570 6.996205330
0.999251246 0.000960181 -0.038678125 -0.100292370 -0.001157855 0.999986470 -0.005090664 -0.112465918 0.038672406 0.005131463 0.999238551 7.995356083
0.998968422 -0.002218060 -0.045353945 -0.125951052 0.002132070 0.999995887 -0.001946694 -0.125812039 0.045357890 0.001847914 0.998968899 8.994937897
0.998841763 -0.000265963 -0.048111126 -0.192359805 0.000255581 0.999999940 -0.000225005 -0.117601156 0.048110969 0.000212427 0.998841763 9.992696762
0.998693407 0.001249091 -0.051082335 -0.230065048 -0.001324439 0.999998152 -0.001444018 -0.121818729 0.051080219 0.001509761 0.998693168 10.991976738
0.998491466 -0.004169243 -0.054744061 -0.281160980 0.004067470 0.999989808 -0.001972799 -0.122784898 0.054751515 0.001747128 0.998498201 11.990666389
0.998382807 -0.004804702 -0.056640081 -0.334030449 0.004686698 0.999986589 -0.002218893 -0.131523177 0.056649707 0.001949762 0.998391986 12.989232063
0.998235941 -0.006052416 -0.059057251 -0.387295365 0.006018197 0.999981701 -0.000759344 -0.153113887 0.059060447 0.000402704 0.998254240 13.987582207
0.998175800 -0.009308635 -0.059646204 -0.459211171 0.009257898 0.999956608 -0.001129340 -0.165310979 0.059653785 0.000575216 0.998218894 14.984918594
0.998128235 -0.008057479 -0.060614083 -0.532272041 0.007900948 0.999964893 -0.002825146 -0.181767285 0.060634371 0.002341107 0.998157203 15.982110023
0.998035967 -0.010862193 -0.061685398 -0.607898116 0.010529162 0.999928236 -0.005725055 -0.182317048 0.061742827 0.005064486 0.998079121 16.979244232
0.997938633 -0.007428038 -0.063735440 -0.679634690 0.007022031 0.999953747 -0.006595935 -0.195421025 0.063781150 0.006135028 0.997944891 17.976583481
0.997930646 -0.007705898 -0.063826852 -0.791873097 0.007277797 0.999949634 -0.006940769 -0.196373343 0.063876770 0.006462129 0.997936666 18.970260620
0.997864068 -0.007994124 -0.064824238 -0.857703567 0.007610583 0.999952197 -0.006165328 -0.202737510 0.064870074 0.005659051 0.997877419 19.968069077
0.997727215 -0.008200312 -0.066872492 -0.909242094 0.007951953 0.999960423 -0.003983537 -0.227757260 0.066902116 0.003442947 0.997753441 20.966428757
0.997654438 -0.011092610 -0.067535721 -0.989926100 0.010846302 0.999932945 -0.004018505 -0.236854419 0.067575380 0.003276810 0.997708619 21.963127136
0.997619689 -0.011043711 -0.068054229 -1.070245862 0.010756901 0.999931455 -0.004585188 -0.259257883 0.068099827 0.003842460 0.997670949 22.959644318
0.997375667 -0.015737325 -0.070657454 -1.122120023 0.015362874 0.999864757 -0.005846034 -0.266038030 0.070739523 0.004745431 0.997483253 23.958269119
0.997309268 -0.016885897 -0.071326911 -1.194020271 0.016633386 0.999852955 -0.004139060 -0.285997301 0.071386009 0.002941667 0.997444093 24.955478668
0.997247398 -0.018082161 -0.071895547 -1.266129255 0.018004950 0.999836266 -0.001729417 -0.287336797 0.071914725 0.000430339 0.997410417 25.952877045
0.997282922 -0.017222218 -0.071613200 -1.339868069 0.017382709 0.999847472 0.001610859 -0.300654531 0.071574248 -0.002851158 0.997430861 26.950061798
0.997422576 -0.017328460 -0.069616340 -1.408649445 0.017685467 0.999833167 0.004505836 -0.309851527 0.069526188 -0.005725397 0.997563303 27.947647095
0.997590601 -0.014801292 -0.067766532 -1.489962459 0.015215118 0.999868393 0.005585143 -0.325815260 0.067674488 -0.006602737 0.997685134 28.944206238
0.997755051 -0.014693904 -0.065324567 -1.579699516 0.014873136 0.999886453 0.002247352 -0.330534965 0.065283746 -0.003214004 0.997861028 29.940156937
0.997923851 -0.014122568 -0.062824354 -1.679703593 0.014046015 0.999899447 -0.001671078 -0.357675016 0.062841259 0.000785059 0.998022676 30.934772491
0.998095751 -0.013200761 -0.060240600 -1.771679401 0.012924477 0.999903560 -0.004983267 -0.364732862 0.060300186 0.004195071 0.998170853 31.930505753
0.997987986 -0.018392736 -0.060661986 -1.821561337 0.018218210 0.999827683 -0.003437590 -0.378307223 0.060714353 0.002325384 0.998151839 32.929168701
0.997819006 -0.022012031 -0.062214252 -1.840397239 0.022157660 0.999752581 0.001642087 -0.399714112 0.062162314 -0.003017166 0.998060763 33.928752899
0.997545838 -0.026546575 -0.064774819 -1.874737501 0.026911104 0.999625981 0.004752450 -0.409186900 0.064624034 -0.006484088 0.997887790 34.928108215
0.997342527 -0.032355998 -0.065261848 -1.940267324 0.032693695 0.999456525 0.004104330 -0.417074412 0.065093182 -0.006227212 0.997858882 35.925926208
0.997181475 -0.034361064 -0.066683657 -2.007878065 0.034459118 0.999405503 0.000312479 -0.424837857 0.066632912 -0.002609427 0.997773230 36.923603058
0.996753514 -0.039396491 -0.070203230 -2.043020248 0.039256878 0.999222875 -0.003373356 -0.445309758 0.070281215 0.000606467 0.997526169 37.922779083
0.996291399 -0.042672563 -0.074704036 -2.112615108 0.042422976 0.999086976 -0.004931465 -0.443957925 0.074845940 0.001744014 0.997192681 38.920349121
0.996389627 -0.040080078 -0.074828602 -2.186055422 0.039932292 0.999195755 -0.003475490 -0.468884617 0.074907377 0.000474853 0.997189522 39.917343140
0.996296585 -0.039516427 -0.076352596 -2.259499073 0.039598286 0.999214947 -0.000446378 -0.485873818 0.076309957 -0.002578722 0.997079909 40.914493561
0.995935142 -0.042824671 -0.079229042 -2.312077522 0.042973455 0.999075472 0.000168247 -0.485798001 0.079148382 -0.003572300 0.996855497 41.913108826
0.995891333 -0.041828301 -0.080304913 -2.398901939 0.042161815 0.999107003 0.002456512 -0.506915748 0.080130182 -0.005832263 0.996766329 42.909103394
0.995297432 -0.048701383 -0.083720967 -2.424892187 0.049284067 0.998771966 0.004901531 -0.521921098 0.083379187 -0.009004627 0.996476233 43.908660889
0.995498657 -0.044362415 -0.083740726 -2.525671721 0.045128297 0.998953938 0.007269302 -0.524519444 0.083330385 -0.011015700 0.996460140 44.903564453
0.995713234 -0.041501433 -0.082649410 -2.646133661 0.042141154 0.999092877 0.006005429 -0.521421671 0.082324922 -0.009462669 0.996559680 45.896282196
0.995841801 -0.040238384 -0.081718415 -2.737862349 0.040756673 0.999157429 0.004678960 -0.539815664 0.081460997 -0.007990116 0.996643484 46.891887665
0.995739341 -0.040524140 -0.082817778 -2.804121256 0.040886384 0.999159396 0.002677999 -0.546128988 0.082639359 -0.006052751 0.996560097 47.889671326
0.995577037 -0.041909531 -0.084070913 -2.901088715 0.042267337 0.999102473 0.002476380 -0.546359956 0.083891325 -0.006018988 0.996455669 48.884952545
0.995555520 -0.042459697 -0.084050693 -2.993868828 0.042933304 0.999069750 0.003830952 -0.580033481 0.083809495 -0.007422614 0.996453166 49.880073547
0.995421946 -0.041482124 -0.086095043 -3.052770615 0.042037413 0.999104381 0.004641986 -0.597346842 0.085825026 -0.008240064 0.996275187 50.878192902
0.995342135 -0.041033059 -0.087225676 -3.122005463 0.041324958 0.999143720 0.001538096 -0.620442092 0.087087519 -0.005135639 0.996186495 51.875526428
0.995407879 -0.038944870 -0.087432943 -3.211171627 0.038855713 0.999240339 -0.002726715 -0.626785457 0.087472357 -0.000683177 0.996165812 52.871524811
0.995155036 -0.042498112 -0.088647798 -3.297728062 0.042267375 0.999095500 -0.004484760 -0.636180401 0.088757902 0.000715982 0.996052086 53.867733002
0.994822025 -0.047842514 -0.089656658 -3.372413635 0.047929551 0.998849213 -0.001188581 -0.652590156 0.089610033 -0.003114913 0.995971203 54.864807129
0.994558752 -0.051814672 -0.090366557 -3.454953671 0.052179575 0.998635590 0.001673389 -0.660855651 0.090156041 -0.006379603 0.995906353 55.861358643
0.994435012 -0.053398874 -0.090805270 -3.533158541 0.053792361 0.998549640 0.001884421 -0.671638370 0.090572439 -0.006758596 0.995866001 56.858230591
0.994173169 -0.057570253 -0.091123417 -3.623848915 0.057898879 0.998321235 0.000958862 -0.682629466 0.090914749 -0.006229223 0.995838344 57.854057312
0.993907034 -0.061615277 -0.091381460 -3.716017962 0.061853927 0.998084426 -0.000227296 -0.696262956 0.091219842 -0.005426483 0.995815158 58.849704742
0.993578851 -0.064353794 -0.093048871 -3.792608261 0.064703166 0.997903466 0.000733515 -0.698478878 0.092806026 -0.006749447 0.995660543 59.846775055
0.993386090 -0.066303968 -0.093735412 -3.895517111 0.067026295 0.997739911 0.004569037 -0.702165604 0.093220055 -0.010821642 0.995585918 60.841453552
0.993509650 -0.063493229 -0.094369456 -3.996033669 0.064744264 0.997848392 0.010246042 -0.728310406 0.093515307 -0.016289532 0.995483756 61.836040497
0.993417203 -0.063137382 -0.095574044 -4.101078033 0.064679183 0.997819066 0.013112591 -0.748615861 0.094537161 -0.019208033 0.995335162 62.830299377
0.993602037 -0.059097022 -0.096233822 -4.226790428 0.060262173 0.998138964 0.009239621 -0.773679197 0.095508188 -0.014979916 0.995315075 63.822048187
0.993977487 -0.052800294 -0.096017838 -4.362889767 0.053190291 0.998582482 0.001500385 -0.794147968 0.095802009 -0.006598707 0.995377600 64.812522888
0.994251847 -0.048379514 -0.095505282 -4.494379997 0.048316155 0.998826861 -0.002981577 -0.813767731 0.095536992 -0.001650152 0.995423555 65.803649902
0.994557321 -0.039825682 -0.096270896 -4.634841919 0.039877836 0.999202788 -0.001388259 -0.844758868 0.096248940 -0.002458514 0.995353222 66.793235779
0.994569659 -0.037321858 -0.097142942 -4.752870560 0.037574440 0.999292731 0.000765604 -0.866349876 0.097045153 -0.004411680 0.995269299 67.786026001
0.994689822 -0.032518387 -0.097637951 -4.881121159 0.032927923 0.999453545 0.002579505 -0.888747752 0.097500212 -0.005780969 0.995217800 68.777519226
0.994378269 -0.034924172 -0.099953361 -4.959267616 0.035358183 0.999370694 0.002565997 -0.907868862 0.099800289 -0.006085807 0.994987905 69.774269104
0.994536579 -0.029470170 -0.100134954 -5.112038136 0.029955529 0.999544859 0.003339472 -0.922202647 0.099990420 -0.006320893 0.994967341 70.762420654
