1.000000000 0.000000000 0.000000000 0.000000000 0.000000000 1.000000000 0.000000000 0.000000000 0.000000000 0.000000000 1.000000000 0.000000000
0.999998510 0.001628206 -0.000628417 -0.019984609 -0.001626611 0.999995410 0.002545697 -0.007794426 0.000632554 -0.002544670 0.999996662 0.999770045
0.999997139 0.000612850 -0.002312745 -0.016024312 -0.000602866 0.999990463 0.004319067 -0.032764040 0.002315155 -0.004317609 0.999988079 1.999450326
0.999989986 -0.001557333 -0.004156482 -0.016389884 0.001576275 0.999988377 0.004555361 -0.052304346 0.004149091 -0.004561828 0.999980986 2.999258995
0.999984741 -0.001641705 -0.005247042 -0.036726028 0.001664470 0.999989212 0.004336826 -0.056366801 0.005239633 -0.004345454 0.999976873 3.999043941
0.999952197 -0.005309369 -0.008188055 -0.028333519 0.005348019 0.999974668 0.004694954 -0.072989635 0.008162687 -0.004738481 0.999955475 4.998870373
0.999967515 -0.001810414 -0.007827939 -0.082184546 0.001844354 0.999988854 0.004315176 -0.073937304 0.007819756 -0.004329226 0.999960005 5.997418404
0.999964476 0.000357746 -0.008406892 -0.111479476 -0.000324591 0.999992132 0.003919388 -0.081666678 0.008407949 -0.003916274 0.999956906 6.996958733
0.999957085 0.000718676 -0.009224219 -0.109573528 -0.000677109 0.999989569 0.004483731 -0.111335278 0.009227153 -0.004477054 0.999947369 7.996516705
0.999956310 0.002484567 -0.008991977 -0.141867250 -0.002446480 0.999988019 0.004222047 -0.125994384 0.009002165 -0.004199625 0.999950647 8.995887756
0.999956906 0.000841109 -0.009218385 -0.155036360 -0.000803111 0.999991179 0.004101803 -0.137809306 0.009221559 -0.004093987 0.999949038 9.995730400
0.999921560 0.009128528 -0.008544099 -0.210468382 -0.009091712 0.999949336 0.004307596 -0.143535927 0.008582824 -0.004229428 0.999954164 10.994176865
0.999873579 0.013099339 -0.008984751 -0.224994764 -0.013052765 0.999901235 0.005195460 -0.146548122 0.009051757 -0.005077378 0.999946058 11.994066238
0.999795437 0.018139739 -0.008910126 -0.255860329 -0.018081103 0.999814808 0.006587866 -0.161833122 0.009027846 -0.006425293 0.999938548 12.993473053
0.999805868 0.017406981 -0.009202953 -0.265956283 -0.017344646 0.999826550 0.006783936 -0.179280072 0.009319302 -0.006622931 0.999934614 13.993270874
0.999845624 0.015037890 -0.009054998 -0.286910474 -0.014971611 0.999861181 0.007316758 -0.206884384 0.009163621 -0.007179994 0.999932230 14.992671013
0.999772727 0.019275779 -0.009070130 -0.307604492 -0.019197421 0.999778628 0.008618215 -0.223638147 0.009234090 -0.008442059 0.999921620 15.992313385
0.999745905 0.021040069 -0.008041391 -0.322264671 -0.020960396 0.999732018 0.009831861 -0.226154447 0.008245941 -0.009660737 0.999919176 16.992200851
0.999671519 0.024726514 -0.006681369 -0.355410695 -0.024669258 0.999659836 0.008467898 -0.231962994 0.006888323 -0.008300214 0.999941647 17.991636276
0.999732673 0.022183485 -0.006465769 -0.362000406 -0.022137297 0.999729991 0.007078406 -0.256538808 0.006620890 -0.006933304 0.999953926 18.991312027
0.999790132 0.019637065 -0.005776129 -0.368692100 -0.019594694 0.999781787 0.007246262 -0.274792463 0.005917007 -0.007131482 0.999956906 19.991119385
0.999745905 0.022265160 -0.003448969 -0.405243486 -0.022230204 0.999704897 0.009793225 -0.285256445 0.003665794 -0.009713912 0.999945819 20.990392685
0.999810874 0.019128013 -0.003447134 -0.413677573 -0.019087449 0.999753416 0.011343130 -0.303162426 0.003663052 -0.011275036 0.999929428 21.990196228
0.999895155 0.014083144 -0.003273679 -0.423526347 -0.014045074 0.999837816 0.011271718 -0.315985829 0.003431632 -0.011224450 0.999930859 22.990066528
0.999881804 0.014999283 -0.003289196 -0.424559116 -0.014966900 0.999842107 0.009577547 -0.320463896 0.003432075 -0.009527077 0.999948502 23.990056992
0.999909818 0.013332209 -0.001384005 -0.429120272 -0.013318649 0.999868870 0.009203350 -0.336186588 0.001506432 -0.009183927 0.999956489 24.989925385
0.999944508 0.010483542 -0.000739676 -0.430706441 -0.010476887 0.999911487 0.008184863 -0.352556318 0.000825327 -0.008176495 0.999966085 25.989791870
0.999860108 0.016632928 0.001601078 -0.469389707 -0.016645594 0.999825954 0.008404654 -0.347367644 -0.001461086 -0.008429968 0.999963284 26.989032745
0.999754727 0.021762924 0.004044929 -0.494799793 -0.021803947 0.999707639 0.010431144 -0.355674207 -0.003816816 -0.010516622 0.999937296 27.988672256
0.999667287 0.024532346 0.007932879 -0.517091870 -0.024619663 0.999634683 0.011129935 -0.354216248 -0.007657016 -0.011321381 0.999906421 28.988418579
0.999713659 0.021459239 0.010562218 -0.499299437 -0.021587094 0.999692798 0.012159451 -0.373239219 -0.010298058 -0.012383997 0.999870121 29.988079071
0.999742746 0.019003764 0.012359502 -0.475996941 -0.019144401 0.999751747 0.011376768 -0.372523814 -0.012140260 -0.011610506 0.999858677 30.987804413
0.999590099 0.023090897 0.016907129 -0.491362274 -0.023249315 0.999686718 0.009248622 -0.376058102 -0.016688282 -0.009637990 0.999814034 31.987678528
0.999506056 0.023694327 0.020629868 -0.494030178 -0.023841012 0.999691725 0.006905193 -0.374871373 -0.020459894 -0.007393798 0.999763012 32.987670898
0.999348044 0.026530169 0.024476776 -0.479007542 -0.026729058 0.999611735 0.007837035 -0.390414804 -0.024259355 -0.008486344 0.999669373 33.987438202
0.999325275 0.021667507 0.029647004 -0.454993725 -0.021899661 0.999731541 0.007533034 -0.401320755 -0.029475845 -0.008177407 0.999531746 34.987091064
0.999114931 0.023341397 0.034984026 -0.404906750 -0.023592407 0.999698460 0.006782038 -0.417927831 -0.034815196 -0.007601592 0.999364495 35.985694885
0.998816609 0.024662161 0.041911043 -0.370791912 -0.024950342 0.999668181 0.006368153 -0.418996513 -0.041740112 -0.007406510 0.999100626 36.985111237
0.998353541 0.026820995 0.050697885 -0.331940055 -0.027200511 0.999606550 0.006814959 -0.420203626 -0.050495181 -0.008182951 0.998690367 37.984352112
0.997592568 0.030572498 0.062241595 -0.290480137 -0.031039223 0.999496460 0.006548545 -0.423767805 -0.062010083 -0.008464903 0.998039186 38.983486176
0.996395767 0.036415171 0.076610409 -0.239475250 -0.036977101 0.999298275 0.005930378 -0.426400036 -0.076340728 -0.008742021 0.997043073 39.982189178
0.995305717 0.035207983 0.090148240 -0.154151201 -0.035878032 0.999338865 0.005824046 -0.433418125 -0.089883633 -0.009031245 0.995911062 40.978527069
0.993395567 0.041078798 0.107134126 -0.071613312 -0.042000040 0.999097109 0.006356617 -0.429107368 -0.106776312 -0.010814465 0.994223893 41.975097656
0.991506100 0.037937351 0.124402784 0.056953430 -0.039122645 0.999208927 0.007098383 -0.452947259 -0.124035083 -0.011905249 0.992206216 42.966522217
0.988737583 0.041126553 0.143897191 0.187790394 -0.042491820 0.999075949 0.006426977 -0.480625451 -0.143499896 -0.012469247 0.989571691 43.957550049
0.985139012 0.045393933 0.165651426 0.322805405 -0.046852399 0.998889625 0.004905778 -0.485876083 -0.165244773 -0.012594241 0.986172199 44.948390961
0.982027411 0.037702739 0.184933931 0.520866394 -0.039223272 0.999219894 0.004569282 -0.510388613 -0.184617221 -0.011740969 0.982740402 45.928272247
0.977784276 0.031779237 0.207189962 0.716085434 -0.033704054 0.999415100 0.005766206 -0.525030017 -0.206885308 -0.012621336 0.978283763 46.908916473
0.972724557 0.027609689 0.230313390 0.955712318 -0.029928289 0.999530256 0.006579356 -0.524470866 -0.230023310 -0.013292881 0.973094285 47.879779816
0.967074752 0.022791801 0.253468901 1.229608536 -0.024787260 0.999681592 0.004681527 -0.527322412 -0.253281295 -0.010810276 0.967332184 48.841529846
0.960462272 0.016099904 0.277943105 1.523742676 -0.017169490 0.999851465 0.001414662 -0.516694307 -0.277878791 -0.006130985 0.960596502 49.797241211
0.953328192 0.008769813 0.301807702 1.859513283 -0.009411043 0.999955416 0.000671361 -0.525671482 -0.301788151 -0.003480524 0.953368485 50.739128113
0.944072843 0.005706326 0.329686821 2.165310860 -0.006898287 0.999973297 0.002446353 -0.539587855 -0.329663843 -0.004584001 0.944087088 51.691123962
0.934143186 0.002887578 0.356885672 2.515846252 -0.004589975 0.999981761 0.003923952 -0.542349100 -0.356867641 -0.005303755 0.934139729 52.627670288
0.921996713 0.003397620 0.387181580 2.871913910 -0.004889074 0.999983847 0.002867710 -0.554064155 -0.387165427 -0.004537083 0.921998739 53.562038422
0.909349859 0.005787932 0.415990949 3.280710220 -0.005329986 0.999983132 -0.002261904 -0.574779272 -0.415996850 -0.000160490 0.909365654 54.474422455
0.895857513 0.004681565 0.444315910 3.726900101 -0.000778997 0.999959409 -0.008965272 -0.589447796 -0.444339633 0.007685415 0.895825088 55.369243622
0.883007407 -0.002426606 0.469351977 4.253456116 0.009501295 0.999874115 -0.012705477 -0.609228611 -0.469261825 0.015678432 0.882919550 56.219161987
0.867032528 -0.004120962 0.498233676 4.758211136 0.010294925 0.999900281 -0.009644788 -0.635017753 -0.498144090 0.013491530 0.866988838 57.082027435
0.849211395 -0.007174246 0.528003693 5.288162231 0.011242733 0.999926448 -0.004495557 -0.660333276 -0.527932525 0.009753815 0.849229872 57.929676056
0.828316987 -0.003714616 0.560246766 5.820123672 0.005723975 0.999981701 -0.001832680 -0.676627159 -0.560229659 0.004724874 0.828323424 58.776294708
0.806986988 -0.000172743 0.590568423 6.419996262 0.005276160 0.999962032 -0.006917207 -0.711212277 -0.590544820 0.008697873 0.806957603 59.575645447
0.785136223 0.004480816 0.619306266 7.040754318 0.005841494 0.999875724 -0.014640052 -0.732454777 -0.619294882 0.015111974 0.785012662 60.359352112
0.760044217 0.012928070 0.649742126 7.648784637 -0.001608158 0.999836326 -0.018012846 -0.744034588 -0.649868786 0.012645525 0.759940803 61.153175354
0.736295462 0.011248242 0.676566243 8.326232910 -0.001119027 0.999880612 -0.015405625 -0.773248196 -0.676658988 0.010585793 0.736220121 61.888160706
0.712169826 0.009546405 0.701941907 9.045305252 0.001869411 0.999878049 -0.015494867 -0.799730122 -0.702004313 0.012346947 0.712065279 62.582603455
0.686120868 0.012789077 0.727374852 9.763275146 0.000432613 0.999838054 -0.017987613 -0.843864083 -0.727486968 0.012656083 0.686004341 63.277286530
0.659563899 0.015842818 0.751481235 10.516454697 -0.000201809 0.999781549 -0.020900307 -0.884689629 -0.751647949 0.013633193 0.659423232 63.933860779
0.631248236 0.019863160 0.775326192 11.276048660 -0.003346291 0.999732435 -0.022887502 -0.915585995 -0.775573075 0.011853077 0.631146073 64.583518982
0.602993190 0.021136871 0.797466040 12.069707870 -0.001867859 0.999683559 -0.025084011 -0.945743680 -0.797743618 0.013635635 0.602842212 65.191154480
0.575476170 0.026600895 0.817385554 12.902000427 0.000379320 0.999462128 -0.032793153 -0.972776115 -0.817817986 0.019181451 0.575156868 65.744827271
0.544940591 0.035653271 0.837716043 13.736114502 0.000441705 0.999083281 -0.042808138 -1.022445321 -0.838474095 0.023697641 0.544425607 66.294181824
0.513803124 0.043732777 0.856792450 14.593626022 0.000511677 0.998684168 -0.051281877 -1.079397678 -0.857907534 0.026786953 0.513105035 66.805480957
0.481129318 0.047708370 0.875350237 15.462135315 -0.001028714 0.998548150 -0.053857297 -1.149827361 -0.876648605 0.025011666 0.480480283 67.296142578
0.446212202 0.049309537 0.893567502 16.330852509 -0.006288890 0.998629093 -0.051966522 -1.215208292 -0.894904792 0.017568374 0.445910960 67.787109375
0.413258076 0.047759958 0.909360349 17.243566513 -0.010319456 0.998805285 -0.047767814 -1.284527302 -0.910555184 0.010356231 0.413257539 68.189773560
0.379582286 0.051294722 0.923734665 18.176681519 -0.011714916 0.998648345 -0.050640587 -1.281391740 -0.925083578 0.008400664 0.379670471 68.549339294
0.344925016 0.054239970 0.937061489 19.113454819 -0.018581364 0.998528063 -0.050958022 -1.355914831 -0.938446045 0.000164693 0.345425487 68.891242981
0.307771683 0.055789307 0.949822903 20.051054001 -0.022756014 0.998425603 -0.051270220 -1.422611237 -0.951187909 -0.005834813 0.308557034 69.232505798
0.273632705 0.055712327 0.960219026 21.019557953 -0.021118401 0.998428464 -0.051910974 -1.453824520 -0.961602271 -0.006073895 0.274379581 69.479537964
0.238174960 0.054527894 0.969690084 21.988960266 -0.020044139 0.998486042 -0.051223755 -1.525162101 -0.971015334 -0.007236491 0.238907725 69.714431763
0.201564878 0.054486688 0.977958262 22.965961456 -0.018933907 0.998481631 -0.051727585 -1.582831383 -0.979292035 -0.008090143 0.202290893 69.919738770
0.168746442 0.052571103 0.984256327 23.955774307 -0.010127756 0.998616457 -0.051601563 -1.648947716 -0.985607445 -0.001260986 0.169045806 70.045837402
0.131208494 0.052834064 0.989945769 24.939979553 -0.005289547 0.998601973 -0.052594837 -1.711194277 -0.991340697 0.001664518 0.131304950 70.211593628
0.096849114 0.056468017 0.993695855 25.931175232 -0.002132559 0.998398662 -0.056527361 -1.773022890 -0.995296776 0.003355496 0.096814886 70.328742981
0.060829617 0.062483970 0.996190429 26.923458099 -0.008186808 0.998036206 -0.062099770 -1.837552309 -0.998114645 -0.004378134 0.061222110 70.434570312
0.031533189 0.065666407 0.997343123 27.919536591 -0.000936954 0.997840881 -0.065669507 -1.919746280 -0.999502242 0.001136318 0.031526901 70.466903687
0.006057914 0.064100876 0.997924924 28.917083740 0.001804781 0.997940898 -0.064112820 -1.989674330 -0.999979973 0.002189444 0.005930018 70.463043213
-0.016957687 0.061557218 0.997959256 29.914926529 0.002630469 0.998102188 -0.061521281 -2.055205345 -0.999852717 0.001581809 -0.017087167 70.461593628
-0.033825453 0.059456512 0.997657359 30.909709930 0.006184696 0.998222113 -0.059280410 -2.117264509 -0.999408424 0.004165058 -0.034132771 70.380661011
-0.048022095 0.062843114 0.996867061 31.903537750 0.014256601 0.997960210 -0.062225170 -2.192156315 -0.998744249 0.011223787 -0.048819810 70.298843384
-0.061492939 0.066981204 0.995857120 32.898574829 0.019005032 0.997643352 -0.065927729 -2.263120651 -0.997926176 0.014872336 -0.062620744 70.229141235
-0.073837399 0.071986094 0.994668365 33.892494202 0.023147149 0.997246385 -0.070454292 -2.348048210 -0.997001171 0.017821684 -0.075300097 70.159065247
-0.084290527 0.074650824 0.993640423 34.886054993 0.025839860 0.997018099 -0.072712541 -2.436435223 -0.996105611 0.019546639 -0.085967973 70.088302612
-0.087734498 0.080479927 0.992887020 35.874652863 0.032352183 0.996435404 -0.077908769 -2.518145323 -0.995617926 0.025286941 -0.090025291 69.961807251
-0.091039658 0.084948950 0.992216885 36.867465973 0.035218831 0.996006489 -0.082041882 -2.616343737 -0.995223880 0.027475799 -0.093667708 69.893432617
-0.094130076 0.089394711 0.991537690 37.859825134 0.034800328 0.995647311 -0.086461447 -2.700092077 -0.994951129 0.026367292 -0.096831158 69.802848816
-0.096851803 0.091205582 0.991110563 38.848300934 0.035561834 0.995474041 -0.088131920 -2.816957474 -0.994662881 0.026710061 -0.099656723 69.706604004
-0.099074401 0.094053686 0.990624547 39.837036133 0.035954203 0.995211661 -0.090893239 -2.923501015 -0.994429827 0.026612055 -0.101981431 69.601463318
-0.099808291 0.098128840 0.990155458 40.824562073 0.037815578 0.994780600 -0.094775267 -3.017871618 -0.994287431 0.027984127 -0.102997944 69.475479126
-0.100709639 0.099290781 0.989948392 41.810401917 0.041241895 0.994569480 -0.095558539 -3.126463652 -0.994060338 0.031203883 -0.104257472 69.347656250
-0.100820154 0.098176323 0.990048289 42.796825409 0.042980064 0.994620502 -0.094252847 -3.228329420 -0.993975580 0.033049997 -0.104497097 69.218788147
-0.103383929 0.098513834 0.989750326 43.789310455 0.043694977 0.994572580 -0.094429493 -3.318655491 -0.993681014 0.033484943 -0.107127108 69.136238098
-0.104018770 0.100445442 0.989489555 44.772907257 0.043859068 0.994382858 -0.096331365 -3.408752441 -0.993607461 0.033378191 -0.107839674 68.980003357
-0.106751971 0.102169104 0.989021838 45.761169434 0.042253651 0.994274497 -0.098150648 -3.521112442 -0.993387282 0.031312387 -0.110457405 68.876495361
-0.110363677 0.104155041 0.988418043 46.750034332 0.036305524 0.994253039 -0.100715779 -3.619972229 -0.993227780 0.024770055 -0.113510452 68.765251160
-0.113069549 0.108022392 0.987696826 47.739181519 0.031979859 0.993953645 -0.105045296 -3.719717503 -0.993072152 0.019709302 -0.115840062 68.657371521
-0.113120019 0.112368338 0.987206042 48.721851349 0.029741602 0.993522584 -0.109678954 -3.835111141 -0.993135929 0.016954429 -0.115728937 68.512329102
-0.114529468 0.114856087 0.986757100 49.706687927 0.032211781 0.993201494 -0.111867100 -3.957015276 -0.992897272 0.018973267 -0.117450207 68.388893127
-0.116698928 0.113086358 0.986707270 50.690319061 0.032026630 0.993408740 -0.110066190 -4.074599266 -0.992650568 0.018756380 -0.119551145 68.252372742
-0.118260540 0.108395450 0.987047791 51.671726227 0.030811619 0.993946493 -0.105461068 -4.195292473 -0.992504299 0.017940674 -0.120884120 68.103118896
-0.118242271 0.107613645 0.987135589 52.654605865 0.036951605 0.993899107 -0.103924364 -4.310622215 -0.992296696 0.024187921 -0.121497102 67.959426880
-0.119112670 0.107798159 0.987010717 53.638217926 0.036342859 0.993896425 -0.104163885 -4.426744461 -0.992214978 0.023463471 -0.122303076 67.821533203
-0.118842691 0.110496983 0.986744761 54.621589661 0.039910886 0.993517518 -0.106448181 -4.537025452 -0.992110372 0.026731208 -0.122481950 67.677238464
-0.118375339 0.113803610 0.986424923 55.606506348 0.042763960 0.993073761 -0.109438442 -4.639785767 -0.992047429 0.029228583 -0.122421741 67.538139343
-0.119827688 0.115664870 0.986032903 56.597961426 0.041134778 0.992916226 -0.111473002 -4.737967491 -0.991941929 0.027202638 -0.123736307 67.452323914
-0.120390370 0.115163125 0.986023068 57.586593628 0.038514581 0.993042886 -0.111280099 -4.843669415 -0.991978943 0.024579177 -0.123987868 67.345397949
-0.121076919 0.115038864 0.985953510 58.574981689 0.033721145 0.993165612 -0.111739069 -4.955223083 -0.992069840 0.019718517 -0.124128357 67.242317200
-0.121409632 0.116382726 0.985754848 59.562332153 0.028945101 0.993095636 -0.113684133 -5.069930077 -0.992180169 0.014730540 -0.123939767 67.132873535
-0.119787425 0.116835877 0.985899687 60.543468475 0.028358364 0.993049026 -0.114237279 -5.187730789 -0.992394328 0.014274539 -0.122267731 66.979614258
-0.120145693 0.116721928 0.985869527 61.531230927 0.025817199 0.993095994 -0.114430919 -5.296743870 -0.992420316 0.011704207 -0.122329324 66.868171692
-0.118056849 0.111536153 0.986721814 62.511825562 0.028598687 0.993641913 -0.108896308 -5.415573120 -0.992594719 0.015363229 -0.120495901 66.712287903
-0.117530182 0.103080355 0.987703800 63.499336243 0.035059549 0.994409204 -0.099607877 -5.533404827 -0.992450058 0.022921804 -0.120486960 66.607742310
-0.120851435 0.096794114 0.987939000 64.488449097 0.037819445 0.994961321 -0.092855439 -5.651673317 -0.991949618 0.026141860 -0.123903222 66.520301819
-0.119456574 0.099404074 0.987849474 65.476432800 0.048051804 0.994388342 -0.094251014 -5.750756264 -0.991675615 0.036209419 -0.123562820 66.401679993
-0.119986318 0.105813317 0.987119377 66.469741821 0.052335147 0.993595779 -0.100145981 -5.830901623 -0.991394937 0.039645270 -0.124755695 66.318420410
-0.117709592 0.111516990 0.986765444 67.453796387 0.057110824 0.992790580 -0.105385102 -5.939758301 -0.991404176 0.043950506 -0.123229839 66.177787781
-0.117513344 0.116303980 0.986236155 68.442161560 0.056457210 0.992294908 -0.110291272 -6.040912628 -0.991464853 0.042719796 -0.123174138 66.064208984
-0.115937553 0.114891514 0.986588061 69.428665161 0.054790862 0.992515087 -0.109143041 -6.136218071 -0.991743684 0.041402593 -0.121364698 65.931098938
-0.115308501 0.110381357 0.987176478 70.414215088 0.055321366 0.992978096 -0.104568206 -6.251832962 -0.991787553 0.042554732 -0.120605387 65.807418823
-0.115739778 0.108180217 0.987369597 71.401725769 0.053406172 0.993291318 -0.102568805 -6.368338585 -0.991842210 0.040860742 -0.120740920 65.701446533
-0.115330279 0.108206093 0.987414658 72.388626099 0.051991340 0.993344128 -0.102783352 -6.480791092 -0.991965055 0.039483439 -0.120188542 65.585754395
-0.114126362 0.113839477 0.986920953 73.374832153 0.053484410 0.992676497 -0.108318575 -6.582885265 -0.992024958 0.040423281 -0.119379282 65.455390930
-0.113886490 0.116141982 0.986680269 74.363082886 0.051722821 0.992489815 -0.110855818 -6.707892418 -0.992145836 0.038409363 -0.119038463 65.367622375
-0.114960097 0.114532284 0.986743927 75.351226807 0.048497558 0.992793798 -0.109584376 -6.825323105 -0.992184997 0.035257336 -0.119686298 65.268768311
-0.113680921 0.107691869 0.987662017 76.337432861 0.049723331 0.993479013 -0.102602981 -6.935317993 -0.992271662 0.037446383 -0.118294492 65.145118713
-0.114192031 0.106121853 0.987773001 77.323379517 0.047373801 0.993728995 -0.101285234 -7.042867661 -0.992327809 0.035229146 -0.118503273 65.017166138
-0.112861656 0.110685907 0.987424970 78.311416626 0.044860668 0.993330240 -0.106220596 -7.129438400 -0.992596805 0.032308895 -0.117074266 64.889472961
-0.114934057 0.114149727 0.986791313 79.302146912 0.038728252 0.993135452 -0.110373199 -7.218681812 -0.992617249 0.025531717 -0.118565738 64.787063599
-0.113314368 0.114478193 0.986940563 80.289398193 0.043706834 0.992952645 -0.110157803 -7.327308178 -0.992596686 0.030654207 -0.117519125 64.670700073
-0.112462454 0.110807031 0.987456918 81.276268005 0.044172041 0.993337929 -0.106436566 -7.442751884 -0.992672920 0.031648416 -0.116607629 64.557746887
-0.111352429 0.109238945 0.987757325 82.263237000 0.043771837 0.993514717 -0.104941532 -7.555814266 -0.992815733 0.031551011 -0.115411699 64.443283081
-0.109974332 0.109933101 0.987834752 83.250167847 0.046249729 0.993354023 -0.105398811 -7.662803650 -0.992857039 0.034096487 -0.114327729 64.322792053
-0.106120929 0.110840857 0.988154650 84.234268188 0.049217820 0.993135154 -0.106114253 -7.770256996 -0.993133605 0.037374470 -0.110847667 64.181472778
-0.104149036 0.109625392 0.988499880 85.220436096 0.049086474 0.993261993 -0.104982086 -7.890510559 -0.993348718 0.037588790 -0.108828291 64.067504883
-0.102662481 0.111254141 0.988473296 86.209587097 0.049111083 0.993080735 -0.106672399 -7.993361473 -0.993502200 0.037594236 -0.107415818 63.962955475
-0.099283241 0.109744966 0.988987088 87.195533752 0.052865226 0.993077576 -0.104892164 -8.106083870 -0.993652821 0.041869648 -0.104397498 63.839607239
-0.099985160 0.109294511 0.988966227 88.186988831 0.047247279 0.993349075 -0.105002627 -8.212163925 -0.993865371 0.036227997 -0.104484051 63.763805389
-0.097000673 0.108488746 0.989352107 89.172660828 0.049609050 0.993332922 -0.104061797 -8.327096939 -0.994046032 0.038987592 -0.101736106 63.640373230
-0.097687721 0.109185770 0.989207804 90.164756775 0.045784600 0.993404329 -0.105128005 -8.437821388 -0.994162261 0.035021584 -0.102042563 63.581386566
-0.096488722 0.112020262 0.989008486 91.156501770 0.047378287 0.993037164 -0.107854716 -8.545930862 -0.994204581 0.036451597 -0.101124354 63.512702942
-0.097085685 0.111323394 0.989028871 92.148063660 0.045085449 0.993196607 -0.107367270 -8.659400940 -0.994252920 0.034167841 -0.101444468 63.449859619
-0.097746126 0.110267535 0.989082098 93.137748718 0.039848831 0.993479490 -0.106820196 -8.765369415 -0.994411945 0.028973348 -0.101502977 63.353515625
-0.097236045 0.110916346 0.989059865 94.125343323 0.038042303 0.993458509 -0.107669972 -8.882567406 -0.994532764 0.027157521 -0.100819625 63.248947144
-0.097508498 0.110076986 0.989126801 95.113449097 0.035970997 0.993604720 -0.107029699 -9.002984047 -0.994583130 0.025144411 -0.100844547 63.153366089
-0.098291114 0.106825255 0.989405811 96.101905823 0.032379933 0.994038343 -0.104109123 -9.121810913 -0.994629383 0.021804718 -0.101164214 63.059432983
-0.098845854 0.105839491 0.989456415 97.091506958 0.031339724 0.994165063 -0.103212804 -9.227643967 -0.994607508 0.020807952 -0.101586223 62.962215424
-0.101952679 0.105778828 0.989147723 98.082786560 0.027762271 0.994245410 -0.103462897 -9.330390930 -0.994400084 0.016913395 -0.104302719 62.879470825
-0.104864858 0.105291992 0.988895178 99.071594238 0.027233116 0.994310141 -0.102981083 -9.447339058 -0.994111657 0.016132351 -0.107135676 62.786975861
-0.106372826 0.103821851 0.988889515 100.057655334 0.028004481 0.994451821 -0.101393864 -9.561557770 -0.993930042 0.016908485 -0.108690165 62.666084290
-0.107337892 0.100558735 0.989122391 101.045593262 0.028167689 0.994779825 -0.098077565 -9.658001900 -0.993821681 0.017334474 -0.109610043 62.544929504
-0.110862158 0.100686006 0.988720655 102.031623840 0.028487552 0.994767725 -0.098107927 -9.770530701 -0.993425608 0.017290464 -0.113150433 62.422119141
-0.116076626 0.107596479 0.987393498 103.021446228 0.023781041 0.994131088 -0.105535321 -9.857668877 -0.992953777 0.011231760 -0.117954172 62.309715271
-0.122857563 0.111698501 0.986116707 104.010276794 0.026782159 0.993657053 -0.109216198 -9.954256058 -0.992061138 0.012993089 -0.125069842 62.196216583
-0.134126768 0.108022772 0.985057235 104.998474121 0.025188457 0.994091153 -0.105584063 -10.064824104 -0.990642309 0.010651230 -0.136055201 62.090213776
-0.143639803 0.106372498 0.983894825 105.977340698 0.031566605 0.994192898 -0.102877684 -10.181057930 -0.989124715 0.016281625 -0.146163538 61.922054291
-0.157517686 0.107785933 0.981614470 106.963508606 0.032450009 0.994053483 -0.103944883 -10.281989098 -0.986980975 0.015480916 -0.160078704 61.790481567
-0.174343258 0.109093063 0.978621364 107.949729919 0.034006350 0.993917882 -0.104740277 -10.378067017 -0.984095812 0.015019195 -0.176992774 61.655834198
-0.188925445 0.107033364 0.976139188 108.924545288 0.035388838 0.994138360 -0.102158047 -10.493171692 -0.981351793 0.015244781 -0.191605881 61.464782715
-0.202853173 0.110191450 0.972987711 109.894042969 0.039162457 0.993766010 -0.104380324 -10.595050812 -0.978423893 0.016931375 -0.205904052 61.241928101
-0.217935219 0.113994993 0.969281197 110.862991333 0.043122079 0.993309855 -0.107125789 -10.713457108 -0.975008309 0.018451618 -0.221392974 61.024875641
-0.234129071 0.117989637 0.965017498 111.833358765 0.042731985 0.992897749 -0.111031540 -10.821646690 -0.971264124 0.015242046 -0.237508193 60.808815002
-0.251052380 0.116937459 0.960882425 112.796829224 0.041864522 0.993058741 -0.109915718 -10.932665825 -0.967065930 0.012633027 -0.254205316 60.565113068
-0.267360866 0.111300893 0.957145214 113.759475708 0.034811739 0.993773818 -0.105836846 -11.043427467 -0.962965667 0.005023982 -0.269570738 60.318050385
-0.281283319 0.105991222 0.953751683 114.705680847 0.030251253 0.994366765 -0.101583682 -11.176526070 -0.959145963 0.000279087 -0.282905132 60.023101807
-0.295064598 0.108697094 0.949272633 115.653694153 0.034784764 0.994071186 -0.103015259 -11.289464951 -0.954842031 0.002624647 -0.297096223 59.725601196
-0.311311841 0.108668141 0.944072485 116.605140686 0.029481689 0.994066358 -0.104701728 -11.407791138 -0.949848354 -0.004761431 -0.312668383 59.441452026
-0.322638422 0.112620771 0.939796627 117.536537170 0.037576225 0.993637025 -0.106173389 -11.522766113 -0.945774138 0.001058970 -0.324817389 59.096080780
-0.337863207 0.112045392 0.934500515 118.477233887 0.041667473 0.993695378 -0.104079038 -11.655488968 -0.940270543 0.003774383 -0.340401739 58.783771515
-0.351840854 0.111811094 0.929356456 119.410842896 0.045029782 0.993712127 -0.102507010 -11.757818222 -0.934974134 0.005783058 -0.354663283 58.440380096
-0.368299842 0.110322759 0.923136592 120.343429565 0.041953437 0.993894577 -0.102041788 -11.855162621 -0.928758025 0.001147277 -0.370679647 58.092819214
-0.383033782 0.112305410 0.916880488 121.262054443 0.041916233 0.993672013 -0.104201213 -11.963689804 -0.922780752 -0.001479995 -0.385317326 57.712833405
-0.399486512 0.114502303 0.909558713 122.183410645 0.042025071 0.993412793 -0.106601395 -12.069257736 -0.915773213 -0.004361033 -0.401666939 57.338718414
-0.415586710 0.112846740 0.902524531 123.090370178 0.037126128 0.993550777 -0.107133277 -12.193083763 -0.908793449 -0.011015360 -0.417095959 56.936115265
-0.427656680 0.117516622 0.896268249 123.977386475 0.045284510 0.993053138 -0.108599864 -12.305908203 -0.902804136 -0.005855888 -0.430007339 56.488410950
-0.441252530 0.121636674 0.889099538 124.857757568 0.047497436 0.992547512 -0.112217352 -12.424821854 -0.896122932 -0.007285750 -0.443741381 56.029243469
-0.455980450 0.125328451 0.881119609 125.745521545 0.050959464 0.992087066 -0.114741288 -12.537550926 -0.888527334 -0.007417907 -0.458758861 55.582981110
-0.472012877 0.121747568 0.873142958 126.628105164 0.048225682 0.992500722 -0.112320609 -12.661584854 -0.880269468 -0.010908297 -0.474344224 55.129486084
-0.486596704 0.117944114 0.865626991 127.484802246 0.046302602 0.992933571 -0.109262437 -12.767969131 -0.872396708 -0.013085393 -0.488619030 54.624774933
-0.503847063 0.116679490 0.855874658 128.351074219 0.042405263 0.992980897 -0.110407896 -12.873575211 -0.862749159 -0.019334419 -0.505257964 54.136447906
-0.519950449 0.114285856 0.846515000 129.202377319 0.038862154 0.993147492 -0.110212922 -12.994932175 -0.853309751 -0.024407139 -0.520828485 53.625999451
-0.536098599 0.112927370 0.836566269 130.051330566 0.037918814 0.993232369 -0.109776661 -13.104180336 -0.843301177 -0.027128816 -0.536752164 53.108970642
-0.550214469 0.114713028 0.827104867 130.873291016 0.041219499 0.993041992 -0.110307515 -13.215238571 -0.834003270 -0.026599281 -0.551114142 52.550327301
-0.566368937 0.113202609 0.816338837 131.700576782 0.039843190 0.993124008 -0.110075466 -13.330933571 -0.823186100 -0.029816926 -0.566984355 52.000556946
-0.582574785 0.109859169 0.805316865 132.518203735 0.038776901 0.993451178 -0.107473142 -13.447347641 -0.811849356 -0.031382520 -0.583018959 51.436687469
-0.597784817 0.106295511 0.794576764 133.326782227 0.038859840 0.993846953 -0.103718564 -13.552856445 -0.800712109 -0.031123398 -0.598236561 50.857879639
-0.614205420 0.102513589 0.782457888 134.125244141 0.036945917 0.994174361 -0.101251110 -13.668005943 -0.788278818 -0.033279508 -0.614413977 50.266929626
-0.626566172 0.103028722 0.772526741 134.867050171 0.039987970 0.994167566 -0.100156337 -13.776369095 -0.778339744 -0.031861965 -0.627030790 49.605133057
-0.641443789 0.103739597 0.760122180 135.638671875 0.038733382 0.993930280 -0.102964185 -13.894071579 -0.766189754 -0.036602721 -0.641567707 48.980037689
-0.658437908 0.101831451 0.745712817 136.399108887 0.035214908 0.993887424 -0.104628585 -13.988928795 -0.751808822 -0.042630307 -0.657998204 48.337600708
-0.673745275 0.100214072 0.732135355 137.148223877 0.036078613 0.994040728 -0.102863163 -14.097455978 -0.738080502 -0.042888217 -0.673344851 47.684123993
-0.688902795 0.093157060 0.718841076 137.860275269 0.034258481 0.994783044 -0.096086681 -14.214474678 -0.724041700 -0.041566994 -0.688499153 46.991798401
-0.706009865 0.089775078 0.702487230 138.568405151 0.032456867 0.994991839 -0.094537452 -14.307000160 -0.707455814 -0.043942839 -0.705386877 46.291805267
-0.721793711 0.090571612 0.686154842 139.238006592 0.034993142 0.994907856 -0.094517238 -14.391595840 -0.691220999 -0.044210374 -0.721286595 45.553905487
-0.737519145 0.093079492 0.668879330 139.892349243 0.040373970 0.994761229 -0.093912534 -14.492321014 -0.674116135 -0.042256087 -0.737412453 44.804454803
-0.753745794 0.093710214 0.650448859 140.545150757 0.043264460 0.994709134 -0.093173847 -14.566934586 -0.655738413 -0.042087201 -0.753811181 44.050601959
-0.769315302 0.097699136 0.631353080 141.187454224 0.047704022 0.994263291 -0.095731065 -14.658070564 -0.637083709 -0.043528490 -0.769561589 43.289596558
-0.784087002 0.096999057 0.613022566 141.784454346 0.051314939 0.994461417 -0.091721401 -14.754114151 -0.618523955 -0.040459521 -0.784720719 42.493160248
-0.799914777 0.094955280 0.592551827 142.403289795 0.051050991 0.994589865 -0.090466246 -14.853235245 -0.597936094 -0.042114083 -0.800433755 41.713912964
-0.815049767 0.093498267 0.571795166 142.980285645 0.049496658 0.994521320 -0.092068993 -14.941817284 -0.577270687 -0.046737939 -0.815211236 40.901988983
-0.827548325 0.099435575 0.552516162 143.507263184 0.055002298 0.993814111 -0.096475519 -15.015874863 -0.558691323 -0.049447592 -0.827897489 40.055332184
-0.840463459 0.099817537 0.532593191 144.048416138 0.057968117 0.993808508 -0.094782293 -15.117300987 -0.538756549 -0.048786696 -0.841044903 39.220554352
-0.850268245 0.103697203 0.516031504 144.540588379 0.066589206 0.993715525 -0.089970678 -15.226754189 -0.522118211 -0.042136110 -0.851828814 38.356967926
-0.860892594 0.105910741 0.497639090 145.061965942 0.070512310 0.993490875 -0.089459859 -15.338237762 -0.503874779 -0.041924592 -0.862755954 37.510974884
-0.868064165 0.115120038 0.482918024 145.503097534 0.079458319 0.992419422 -0.093749508 -15.406786919 -0.490049869 -0.043007631 -0.870630145 36.616153717
-0.876824558 0.114688165 0.466929495 145.962509155 0.079748221 0.992373049 -0.093995191 -15.500810623 -0.474148512 -0.045179453 -0.879282296 35.732921600
-0.886551976 0.107642308 0.449929535 146.434616089 0.073534161 0.992977262 -0.092671052 -15.590553284 -0.456745356 -0.049071461 -0.888240278 34.855964661
-0.893230140 0.106198959 0.436874807 146.856369019 0.073693030 0.993142903 -0.090750970 -15.707189560 -0.443517029 -0.048865851 -0.894930065 33.956794739
-0.899375439 0.106580392 0.423983872 147.279998779 0.075769812 0.993151128 -0.088932395 -15.806406021 -0.430558771 -0.047857434 -0.901290119 33.056404114
-0.906022191 0.105190910 0.409947038 147.709594727 0.075416051 0.993244350 -0.088188551 -15.879055023 -0.416454494 -0.048983179 -0.907833338 32.156303406
-0.913942277 0.094993293 0.394567877 148.157730103 0.066837639 0.994175792 -0.084536158 -15.959484100 -0.400300533 -0.050888158 -0.914967239 31.265968323
-0.919988036 0.089412540 0.381608814 148.570434570 0.063634723 0.994787335 -0.079673842 -16.064048767 -0.386743784 -0.049014404 -0.920881093 30.361125946
-0.923800647 0.091750875 0.371714920 148.942810059 0.067989357 0.994743288 -0.076566517 -16.135330200 -0.376786143 -0.045458637 -0.925181508 29.435754776
-0.928193152 0.090786926 0.360850662 149.324981689 0.066948190 0.994698405 -0.078053713 -16.214904785 -0.366024017 -0.048289731 -0.929349065 28.515094757
-0.930483162 0.094886310 0.353829890 149.679962158 0.071125090 0.994285941 -0.079598539 -16.294870377 -0.359361112 -0.048898000 -0.931914032 27.583652496
-0.932010591 0.098827213 0.348693639 150.020706177 0.074990869 0.993868411 -0.081245892 -16.388429642 -0.354585230 -0.049572237 -0.933706105 26.648178101
-0.934318721 0.095850125 0.343306214 150.384368896 0.072624139 0.994151771 -0.079918236 -16.473390579 -0.348959029 -0.049735889 -0.935814619 25.720541000
-0.937450707 0.085820362 0.337370545 150.751083374 0.063746691 0.995067894 -0.075995490 -16.560979843 -0.342228979 -0.049734861 -0.938296735 24.794345856
-0.939465821 0.080736428 0.332991451 151.104064941 0.059216451 0.995475888 -0.074296974 -16.643909454 -0.337483913 -0.050080020 -0.939995468 23.862407684
-0.941723585 0.074028261 0.328137517 151.439590454 0.052132525 0.995815814 -0.075044960 -16.732265472 -0.332320452 -0.053563971 -0.941641629 22.924522400
-0.943365633 0.070337512 0.324209452 151.769134521 0.047734402 0.995874465 -0.077164285 -16.824169159 -0.328299910 -0.057317212 -0.942830205 21.984869003
-0.943755269 0.071252197 0.322872669 152.079635620 0.048241880 0.995727301 -0.078731515 -16.911682129 -0.327103436 -0.058726329 -0.943159223 21.038339615
-0.943492770 0.074288920 0.322955579 152.396484375 0.050606821 0.995417058 -0.081132531 -16.991378784 -0.327503175 -0.060203224 -0.942927420 20.093208313
-0.942697585 0.078933664 0.324173093 152.708740234 0.054530870 0.994997084 -0.083700724 -17.076372147 -0.329158455 -0.061226033 -0.942284942 19.147016525
-0.942717373 0.078446954 0.324233592 153.054351807 0.053568691 0.994941473 -0.084972419 -17.169906616 -0.329259694 -0.062735200 -0.942150295 18.213323593
-0.942372680 0.078651190 0.325184643 153.380493164 0.053278655 0.994849443 -0.086223975 -17.269271851 -0.330291837 -0.063928612 -0.941708744 17.273250580
-0.941359758 0.081398875 0.327434510 153.714462280 0.056165397 0.994726002 -0.085814744 -17.369068146 -0.332693249 -0.062390994 -0.940966308 16.335948944
-0.940850914 0.080425546 0.329133064 154.065124512 0.054976441 0.994782448 -0.085929520 -17.463994980 -0.334327102 -0.062751219 -0.940363169 15.404266357
-0.940028787 0.079652533 0.331660658 154.428497314 0.053818576 0.994806767 -0.086379796 -17.557067871 -0.336819053 -0.063348882 -0.939433396 14.477287292
-0.939898491 0.074192926 0.333292335 154.807891846 0.048637338 0.995244205 -0.084390774 -17.646595001 -0.337968886 -0.063107185 -0.939036667 13.556396484
-0.939372063 0.067675613 0.336151361 155.182662964 0.042581715 0.995764017 -0.081480220 -17.729413986 -0.340242118 -0.062225185 -0.938274264 12.632980347
-0.936310709 0.067638598 0.344594091 155.510467529 0.042955738 0.995965362 -0.078778788 -17.827640533 -0.348532706 -0.058957990 -0.935438037 11.693351746
-0.932835519 0.072221413 0.352986723 155.851028442 0.047344610 0.995778739 -0.078622930 -17.920307159 -0.357175380 -0.056629155 -0.932316601 10.757717133
-0.930559397 0.070044421 0.359375387 156.237991333 0.044105191 0.995826542 -0.079890445 -18.003723145 -0.363471866 -0.058491394 -0.929764748 9.839382172
-0.928068280 0.069171466 0.365926921 156.634323120 0.041581806 0.995700777 -0.082760781 -18.090721130 -0.370078832 -0.061590649 -0.926954091 8.925403595
-0.924046934 0.071766950 0.375479490 157.018493652 0.044091824 0.995672047 -0.081800729 -18.182180405 -0.379725516 -0.059031025 -0.923211515 8.006690979
-0.919647932 0.071784981 0.386125207 157.415771484 0.042575311 0.995581150 -0.083689205 -18.279762268 -0.390427113 -0.060524076 -0.918639839 7.094203949
-0.913110793 0.075180158 0.400717676 157.798721313 0.044833582 0.995405614 -0.084592678 -18.381093979 -0.405236781 -0.059275772 -0.912285626 6.176017761
-0.906351864 0.075946443 0.415639669 158.191955566 0.044199295 0.995356917 -0.085494138 -18.492591858 -0.420203239 -0.059115682 -0.905499876 5.263370514
-0.899422944 0.076069921 0.430406302 158.603637695 0.043974847 0.995489717 -0.084050618 -18.576864243 -0.434859335 -0.056668978 -0.898711085 4.355968475
-0.890870571 0.082720987 0.446659625 159.008850098 0.049729425 0.995128572 -0.085113280 -18.684574127 -0.451525033 -0.053611822 -0.890644014 3.448127747
-0.880825460 0.090374164 0.464733303 159.423492432 0.057086732 0.994722605 -0.085242212 -18.771091461 -0.469984978 -0.048552431 -0.881335676 2.542274475
-0.872847795 0.094383076 0.478776127 159.892105103 0.061496388 0.994569480 -0.083953053 -18.862491608 -0.484100372 -0.043834317 -0.873911381 1.663604736
-0.865459502 0.093748085 0.492127091 160.375091553 0.060968760 0.994741976 -0.082276285 -18.952358246 -0.497253209 -0.041201480 -0.866624057 0.792594910
-0.856833339 0.097639300 0.506262004 160.883972168 0.065032862 0.994528413 -0.081744201 -19.042774200 -0.511473894 -0.037116561 -0.858494282 -0.063491821
-0.846711099 0.103898019 0.521807790 161.399414062 0.071610272 0.994077146 -0.081736416 -19.134153366 -0.527209997 -0.031839296 -0.849135816 -0.915496826
-0.837517262 0.104339428 0.536354303 161.952819824 0.071638562 0.994092524 -0.081524037 -19.222644806 -0.541692495 -0.029853096 -0.840043902 -1.743698120
-0.826373279 0.110508896 0.552170932 162.488235474 0.078881361 0.993602812 -0.080804273 -19.303808212 -0.557568729 -0.023217462 -0.829803407 -2.584373474
-0.816457868 0.112649783 0.566307485 163.077117920 0.079297557 0.993365586 -0.083277240 -19.372249603 -0.571931958 -0.023084521 -0.819973528 -3.389686584
-0.802195191 0.115879916 0.585706592 163.621322632 0.082726233 0.993094206 -0.083178662 -19.486795425 -0.591300964 -0.018271184 -0.806241214 -4.220771790
-0.785501122 0.123509265 0.606408238 164.174423218 0.089031398 0.992241263 -0.086769894 -19.569030762 -0.612420678 -0.014167460 -0.790402293 -5.049797058
-0.770493686 0.125305057 0.625008583 164.787231445 0.090768985 0.992063820 -0.086998634 -19.654478073 -0.630950212 -0.010299446 -0.775752127 -5.835403442
-0.755605519 0.125650734 0.642860591 165.440200806 0.090591908 0.992042720 -0.087422170 -19.761613846 -0.648730338 -0.007817575 -0.760975361 -6.585151672
